222003200
300032003
311303
300122120
303113
320004110
42410000
1114130
111321110
311001113
303131
300032030
233300000
311330
303140
3203111
131114
3113003
332030000
301310003
311001140
32301110
33030200
3121211
3031103
11100224
441000002
31400003
11231300
131141
131031110
23011400
11100233
11133002
301310030
133202000
2220113
11100242
441000020
330023000
3031130
30302300
31400030
321110111
2220131
300114020
1122410
1114220
300032111
312230000
30212210
311411
303221
30122102
311420
303230
30032003
311001221
111231110
30122120
111141002
131222
114000023
11100314
3023003
111141020
30032030
301310111
424100000
41123
23003300
32211110
2220203
41132
31400111
31310003
11141300
11100341
11133110
300122300
300114110
222200003
1114310
231121100
31310030
303311
1442000
300032210
13222100
303320
422011100
222200030
312140000
30114020
12411110
131303
12321002
30032111
42230000
114000113
122102003
203301110
331211000
12321020
41213
33023
233120000
20300033
131330
114000131
11100422
3023111
441000200
2302220
122102030
11100431
11133200
301130003
2220311
300114200
321110300
31310111
2220320
231113000
411001130
300032300
301130030
222200111
22430000
303410
311411000
30122300
30114110
200311103
213320000
311001410
413000003
213320
21111113
114000203
123212
111141200
30032210
131411
3113300
41303
344
33113
200311130
301310300
413000030
122102111
134300000
11420003
21111140
114000230
3031400
33131
20341100
20300141
233030000
41330
33140
2122103
11420030
301130111
304112000
211100033
32031110
300024200
1311113
2122130
31130003
30114200
320111003
1221023
201122210
222020003
1311140
1221032
141001130
200311211
242000300
30024110
413000111
12321200
111002033
434
33203
21111221
320111030
114000311
41411000
41402
443
222020030
114000320
322200002
41411
3023300
33221
12231110
20333000
41420
33230
11420111
14402000
211100114
11330003
322200020
300311003
31310300
411001310
202220003
222200300
211100141
2114030
1311221
124101110
1221113
202220030
31130111
34112000
111002114
320111111
30024200
1221131
132121100
4121102
222020111
114410000
123410
33302
311231000
323011100
111002141
33311
4121120
320033
33320
20300330
143000111
330302000
301130300
211100222
11330111
203031110
300311111
211133000
112321100
31212110
202220111
300311120
20030033
1221203
30311003
2032220
141001310
132113000
1131113
4113002
413000300
1221230
320114
3302003
230122100
30311030
311100023
443000
20300411
12223100
114320000
33410
314000003
1131140
322200200
11420300
320141
3302030
200041103
200000144
230033
11322002
41231000
113001113
300303002
314000030
2122400
20030114
11322020
112313000
211100330
300303020
134030000
1311410
113001140
1221302
303203000
300131003
31130300
20030141
30311102
1221311
320111300
30311111
1221320
303121100
230114000
311100113
111330002
4121300
1131221
300131030
111002330
33211100
320222
3302111
230114
311100131
111330020
212321000
200033003
143000300
314000111
114230000
20112113
302220020
41100023
200041211
2114300
230141
41100032
300311300
113001221
300303110
202220300
20030222
31122200
30303002
13411100
1123103
14132000
300131111
303113000
22201130
311100203
30303020
320303
4113200
312113
111002420
33203000
1123130
30131003
303031100
331400000
24200003
311100230
222023
320330
312140
200000333
230222
222032
41100113
30131030
200033111
11322200
224011100
20112221
24200030
20030303
300303200
32220002
41100131
11232110
23012210
32220020
13403000
20030330
330032000
414000002
30311300
30303110
112133000
1123211
300041102
300000143
1131410
414000020
341001110
311100311
111330200
320411
3302300
312221
200000414
230303
311100320
222113
201221030
30131111
302220200
41100203
314000300
24200111
331310000
3212210
24110003
11314100
3122102
224003000
200000441
230330
20022203
33031100
2311103
113001410
3032003
41100230
3122120
20030411
11101133
23004110
20022230
2311130
3032030
30303200
320300003
300131300
1410023
300000233
300033002
422102000
300000242
4310003
111322100
201221111
222203
300033020
320300030
13100033
304130
30000134
230411
204121100
3204110
30000143
131114000
132113
3114002
144000020
222230
41100311
33023000
20112410
2303003
24110111
41100320
3122210
11224100
20022311
32220200
2311211
132140
3032111
20014130
2303030
223110200
11101241
300000314
1410113
300000323
321111110
414000200
2221130
300000332
320300111
111314000
13100114
1410131
300041300
300000341
300033110
214103
312410
304220
222302
4310111
311420000
4220003
30131300
222311
204113000
30000233
30033002
24200300
13100141
222320
214130
302122100
3122300
132221
4220030
11101313
12240002
20014211
301311110
2303111
301221002
211322000
3032210
411002003
11134100
31401110
1410203
301221020
300000413
300000422
411002030
300000431
300033200
201221300
1410230
34211000
30000314
230311100
13100222
111224000
214211
124103
144000200
30000332
4220111
302114000
4130003
111142100
30000341
30033110
3114200
122103002
42203
24110300
41420000
124130
241100003
42212
2311400
114001130
3032300
11101421
4130030
32122100
42230
14411000
2221310
411002111
300320003
31311110
1410311
113141000
31221002
320300300
2041103
2000144
141002003
222201110
230303000
222111002
4310300
30000413
300320030
30000422
13100330
222111020
141002030
30000431
30033200
200222003
1334
34103
20301113
132410
111011132
1343
20014400
122111300
122103110
42311
12240200
320030030
241100111
32114000
34130
20301140
330311000
23111003
112412000
301131110
14321000
2033003
300320111
423110000
300230003
23111030
13100411
141002111
214400
30320003
2033030
4220300
111011213
300230030
411023
1424
1140113
200312210
413001110
411032
1433
3311003
21112220
30320030
200222111
122103200
230000033
1442
34211
20301221
42410
34220
203122100
11421110
211101113
411002300
133400000
23111111
2123210
2000333
31221200
201410003
211101140
2033111
14231000
1312220
300230111
222111200
341100002
31131110
111011303
111003113
1140203
200304110
30320111
33302000
230000114
30230003
341100020
222021110
411131
4130300
3311102
21440000
111011330
111003140
1140230
3311111
3221003
230041100
230000141
30230030
203114000
143001110
301123100
2000414
142100003
211101221
11331110
11241002
300320300
300312110
300222002
202221110
14100023
330131000
2000441
141002300
142100030
201410111
324200000
111003203
300222020
111011402
1140302
111011411
111003221
1140311
131303000
321113
3303002
320030300
411230
30230111
34400
20301410
122300003
230033000
11413100
321140
3221111
3131003
322111100
122300030
212240000
23111300
20031113
142100111
14100113
22202003
2033300
3131030
330000023
300230300
133220000
14100131
20031140
1222310
341100200
1132202
30320300
30312110
230000303
112142000
30222002
320022200
302311100
303032000
3311300
321221
3303110
200001224
231113
230000330
122300111
301410002
314001110
322103000
141023
113420000
131000033
200042210
313100003
231140
3131111
141032
14100203
113002220
304310000
330000113
20031221
300222200
201410300
313100030
22202111
34400000
330000131
14100230
111413000
300132110
313103
13322000
111003410
320014100
422111000
230000411
30230300
311011103
3303200
111200033
201140003
313130
131000114
200001332
231221
41101112
141113
311011130
32311100
200034110
33032000
122120003
20113220
3000134
41101130
330000203
131041100
131000141
3041102
313100111
113330000
11102033
31410002
300214100
14100311
122120030
304220000
222300002
43100003
31410020
330000230
300001133
34310000
111200114
222300020
300001142
30222200
200411003
311101310
321410
313220
200001413
223112
311011211
111241100
111200141
30132110
201140111
141203
200411030
32303000
223130
131000222
200001440
302000033
11102114
23300003
3131300
131033000
3000233
3033002
32221100
141230
122120111
20031410
2222003
330000311
11143100
11102141
23300030
113240000
300124100
300001223
1124300
2222030
43100111
304130000
30214100
300042200
300001241
111200222
34220000
200411111
111233000
12421100
30001133
131000303
231410
30001142
3000314
203311100
41101310
141311
111020033
3000323
24111110
32213000
131000330
302041100
302000141
11102222
23300111
441002000
2312210
3041300
3000341
3033110
31410200
411011102
2222111
14420000
32000033
301140002
214100003
211241000
111200303
411011120
300034100
320301110
313400
13101113
1411130
300001340
214100030
30124100
4311110
30001223
311011400
111200330
201140300
223310
21121103
34130000
111020114
114002003
13101140
30042200
30001241
131000411
4221020
3000413
302000222
11102303
2144
133220
3000422
302033000
21121130
122120300
111020141
114002030
3000431
3033200
32000114
43130
330320000
11430020
112421000
32041100
32000141
214100111
14330000
300001430
303311000
111200411
141011102
30001313
31140002
200411300
13101221
201132200
1321130
21113003
302000303
230222000
222030002
30034100
4221110
12323000
21121211
30001340
111020222
3410111
3320003
222030020
21113030
302000330
43211
12241100
11102420
2222300
3320030
203000033
411011300
411003110
32033000
1313003
1411310
330230000
23030003
2001143
30411002
1321211
124111100
14240000
201124100
1313030
303221000
30411020
30001421
23030030
111020303
4221200
123210002
30001430
21113111
33311000
302000411
2333
442100000
314100002
123210020
4131110
330023
12233000
111020330
43310
3320111
330032
203000114
3230003
314100020
241101110
200141111
11430200
300411200
2001224
32000330
214100300
203000141
3230030
231410000
31222100
300321110
1313111
124103000
1223003
23030111
422300000
2042210
141011300
141003110
112241000
2414
1141103
111012212
1223030
2423
21121400
111020411
114002300
330113
200223110
33221000
2441
1141130
20302220
322202000
330131
11422100
224111000
32000411
203000222
3230111
44100002
3140003
203033000
23112110
31214000
2001332
1321400
113011130
3140030
141003200
431000003
300231110
1223111
300141002
1133003
412112
21113300
30321110
303000023
123210200
230001113
1141211
300141020
431000030
303000032
412130
1133030
314100200
3320300
3312110
203000303
11414000
3222002
200141300
330230
20122103
33131000
2411003
411200003
3222020
2001413
203000330
113011211
300313100
3140111
20122130
1313300
2411030
23030300
411200030
2001440
112110113
201411110
431000111
111422000
303000113
311102003
1133111
111012410
111004220
1141310
422120000
303000131
230001221
30231110
330311
204221000
30141002
311102030
200133200
322130
20114003
33000023
203000411
3230300
3222110
343100000
20122211
113003111
44100200
20114030
411200111
211430000
11242100
142101110
23022200
22203002
112110203
141200003
1223300
14101130
303000203
30313100
132410000
4410002
314003
412310
1141400
322202
341011100
141200030
311102111
323300000
322211
4410020
303000230
13241000
322220
314030
200002223
422030000
33000113
41102003
122301110
3222200
122211002
20114111
33000131
113011400
3140300
3132110
11234000
11111123
23014100
330001112
20032220
112110302
411020003
22211300
22203110
112110311
330001130
431000300
303000302
141200111
112110320
300002033
1133300
314102
303000311
341003000
411020030
314111
303000320
230001410
332000003
314120
33000203
111242000
200330003
3214100
142103
131001113
200002331
232220
332000030
41102111
20122400
2411300
33000230
3132200
411200300
3001133
200330030
11103023
32222000
142130
131001140
313101110
11103032
14101310
11111231
223112000
300002114
2141003
321121100
411020111
303410000
4410200
111201113
300043100
300002141
322400
314210
141020003
2141030
33000302
332000111
30002033
311012210
134003
111201140
201141110
33000311
111111032
20114300
141020030
200330111
122211200
142211
3124100
131001221
11111303
11103113
301321100
134030
122121110
3042200
3001241
2223002
11103131
31411100
330001310
244100000
11111330
1412003
11103140
321113000
141200300
300002222
112430000
312110003
43101110
2141111
314300
1412030
303320000
30002114
42200003
111201221
111111113
312110030
141020111
33410000
302001113
111111131
242011100
30002141
42200030
134111
132140000
3001313
11234
11103203
142310
301313000
11111402
11243
203222000
11111411
3034100
11103221
23301110
31403000
3001340
11103230
300002303
22400003
2231300
2223110
411020300
1412111
300330002
300002330
222211100
22400030
312110111
112340000
111111203
300330020
332000300
30002222
42200111
303230000
131411000
111021113
3411002
200330300
111111230
20311103
33320000
131001410
233000003
3001412
302001221
44102
3143
230141000
122113100
3001421
11342
11103311
12242000
111021140
3001430
301223000
32001113
20311130
233000030
2223200
31313000
300002411
301141100
22400111
2141300
214101110
222203000
30002303
31100033
111201410
111111302
13102220
111111311
204410000
30330002
11414
3224
30002330
20303003
413011100
11423
303140000
3233
21122210
114011300
111021221
3411110
4140200
3242
20311211
233000111
33230000
11441
44210
20303030
322211000
11431100
211111103
11300033
412110020
32001221
301133000
1412300
2133200
31100114
31223000
211111130
312110300
1322210
22220003
1232102
222113000
30002411
42200300
31100141
111013103
13430000
3314
1142003
200314100
413003000
3323
222031100
21114110
3411200
302001410
3332
20303111
111013130
44300
3341
1142030
11300114
122400020
3321110
11423000
203001113
211103003
143011100
200142110
33140000
2420003
211111211
11341100
11300141
2002223
224030000
142110002
300322100
211103030
202231100
1314110
333000002
142110020
23031110
31133000
413003
22220111
320114000
333000020
3413
222023000
111013211
3422
331103
13340000
111021410
413030
3431
20311400
233000300
3440
311111030
143003000
331130
200011133
11300222
441200000
32001410
134000003
203001221
3231110
211103111
11333000
3141002
31100303
20000144
2330003
202223000
2002331
3141020
134000030
11120033
20041130
1232300
2330030
341102000
30322100
413111
323003
311111102
111300032
1142210
114200003
20303300
311111111
111341000
331211
3313100
200011214
241103
200144
323030
200003033
314011100
114200030
204140000
32321000
200011241
241130
20033003
134000111
113012210
14102003
3141110
11243000
20041211
2330111
300224000
2240003
20033030
333000200
22220300
11120141
14102030
30314000
111300113
300142100
431001110
111013400
112111130
1142300
1134110
111300131
323111
200003114
233003
230002220
331310
114200111
114110003
314003000
200011322
241211
41111102
203001410
200044100
200003141
233030
302141000
20123210
2420300
20000333
113004110
3141200
122130002
330002003
411201110
20033111
411111002
11120222
14102111
441020000
122130020
111300203
411111020
330002030
2240111
300134000
300011123
413300
1134200
300011132
30224000
311111300
311103110
331400
323210
200011403
200333
233102
230330000
30142100
200003222
233111
33001112
41103002
143003
24211100
20000414
114110111
301412000
114020003
21221030
33001130
134000300
11120303
20144
3002033
23310002
143030
20041400
20000441
2330300
114020030
330002111
342200000
23310020
32141000
11120330
1421003
300011213
112111310
300003023
141201110
111300311
300003032
141111002
200414
300011231
311103200
201232100
1421030
200003303
114200300
30134000
30011123
21221111
24203000
200441
30011132
322400000
200003330
41111300
41103110
143111
12341000
24121100
114020111
111030032
20033300
2322200
11120411
3043100
3002141
31412000
11112230
300011303
300003113
2240300
1421102
342110000
411021110
1421111
124211000
300003131
320311100
13111103
201224000
300011330
300003140
4321100
30011213
30003023
200003411
233300
332001110
30003032
13111130
114110300
33001310
30011231
41103200
111030113
331100003
200331110
12210023
24113000
143210
131002220
20333
3002222
11104112
111030131
2314100
23310200
330002300
331100030
3002240
11104130
300003203
203141000
300011402
31322000
300011411
300003221
320303000
13103003
300011420
2142110
141111200
311300003
30011303
4313000
30003113
13111211
111202220
111112112
21221300
141021110
111030203
4231100
311300030
3002303
12210113
30011330
30003140
1241030
12233
114020300
331100111
131330000
3330002
12210131
111030230
20441
3002330
113111003
11104220
322220000
3330020
300003302
411013100
300003311
301142000
1421300
113111030
300003320
2011133
30003203
312111110
13103111
30011402
311300111
30011411
30003221
42201110
1241111
4223000
12210203
30011420
30003230
302420000
320000033
41300003
4133
111030311
3002411
4141100
4142
111030320
20222003
3002420
12341
11104310
241111100
41300030
11432000
113111111
300413000
2011214
1413200
300003410
22401110
2003033
22311002
300331100
300200033
30003302
13111400
2011241
141013100
30003311
31142000
320000114
422003
1110134
30003320
111022202
12413
12210302
4223
222032000
311120003
12210311
4133000
200233100
320000141
422030
41300111
12210320
4241
20312210
233001110
3330200
311120030
20222111
32420000
411300002
2003114
32002220
11342000
300200114
411300020
300323000
31101113
2011322
414200000
2044100
2003141
30413000
300241100
300200141
1110224
30003410
21410003
31101140
422102
341111000
1110233
1143002
30331100
320000222
422111
123212000
30200033
1110242
332003
422120
4331
1143020
21410030
311120111
314102000
311030003
4340
11301113
230011130
332030
302240000
41120003
113111300
2011403
311030030
11211023
32330000
211112210
11301140
2003222
11211032
41120030
22311200
141300002
31101221
2011430
300233000
1110314
201421100
320000303
414110000
30200114
1110323
141300020
22221110
30323000
230003003
4412
21410111
111022400
300020033
111014210
414020
1110341
1143110
320000330
230011211
41300300
30200141
4430
332111
3314000
242003
230003030
20222300
311030111
3232100
11301221
2003303
411300200
11211113
203002220
212210030
41120111
44102000
2421110
20001143
2331002
11211131
142111100
14111102
32240000
2003330
112112003
321221000
300200330
2331020
1110413
14111120
300020114
303002003
1110422
300143000
320000411
111014300
414110
1110431
1143200
230003111
30233000
311120300
300020141
311112110
144110000
332210
200012213
201143
122311100
242111
3224000
30020033
11211203
301421000
200012240
2003411
3142100
134001110
142103000
11121113
14103002
300200411
11211230
20042210
2331110
141300200
22213100
112112111
330011120
411030002
1430003
11121140
414200
21410300
300020222
303002111
411030020
201224
111301130
332300
1430030
200004113
30020114
33002003
114201110
122303000
114111002
311030300
111134
131011103
144020000
200012321
11301410
21140003
11211302
111143
41120300
30020141
33002030
11211311
3134000
3011123
20001332
11211320
131011130
313111100
113300030
2331200
14111300
11121221
14103110
31421000
330003020
300020303
312210002
2241110
222311000
30200411
1430111
4412000
201110114
1340003
312210020
324200
300020330
141030002
201332
311022200
111211130
20411003
242300
200004221
1340030
33002111
111233
144002
141030020
20001413
114111110
122213000
111242
131011211
3011213
113300111
144020
20411030
21143
313103000
122131100
3011231
14103200
330011300
330003110
301241000
11113130
112112300
300012212
411030200
300020411
43111100
111301310
201413
300012230
111211211
201110222
30020303
124130000
111314
200422100
111203030
413111000
111323
21222110
302011103
114111200
233100002
42210020
20411111
21224
3003113
30020330
111341
144110
233100020
114021110
122123000
302011130
211211003
23311100
330003200
3011330
3003140
301110023
2233100
300004112
211211030
312210200
1430300
1422110
201110303
341300000
300004130
34100003
111203111
31241000
111113003
320222000
1332020
111413
222131000
200004410
30020411
33002300
111422
111031103
3003203
30012230
111431
144200
3011402
302011211
113300300
13133
3011411
21332
3003221
302003030
11400023
143111000
111031130
3011420
3003230
32011103
11400032
301110113
14300003
211211111
11441000
300422000
301110131
202331000
300012410
300004220
14300030
31110023
111211400
201110411
1340300
113030030
34100111
30004112
13112210
111113111
42210200
431003
13214
222000032
30004130
20411300
21413
3003302
302003111
21132200
111031211
114013100
3003311
4142000
11400113
431030
11113400
13241
12211130
301110203
21440
330200003
20141003
14300111
321410000
14210003
301110230
214103000
330200030
113030111
300332000
23000033
111203300
20141030
1332200
14210030
30422000
222000113
22230002
31110131
311301110
30012410
30004220
1242110
341120000
222000131
21124100
111023111
302011400
13322
341003
311211020
111031310
3003410
314111000
3331100
301110302
203011103
3200033
211211300
200111141
11400230
32003111
113112110
330200111
301110320
23000114
2012213
20141111
203011130
31110203
14210111
14120003
1324100
222000203
23041100
23000141
300242000
111113300
30004310
320001113
13403
1111133
14120030
30332000
114300002
302003300
222000230
111031400
12211310
300143
341030000
3200114
320001140
41301110
11400311
3323000
41211002
203003003
412112000
20223110
32011400
203011211
14300300
3200141
3110033
203003030
300201113
113030300
23000222
2012321
330020003
31110311
23033000
2004140
222000302
300111023
31110320
300201140
222000311
22230200
330020030
222000320
111023300
320001221
423110
200111303
300233
333002
122402000
300242
311121110
24311000
333020
3200222
433100000
3110114
32003300
203003111
3233000
330200300
23000303
301430000
20141300
113022200
14210300
2004221
142112000
3020033
300201221
300111113
23000330
31102220
112121102
330020111
333002000
1111313
11130131
30201113
300314
300111131
431011100
303011102
413300000
300323
1144100
21411110
114300200
1111340
3200303
303011120
230012210
200111411
341300
300341
333110
30111032
41211200
211400003
311031110
24221000
3200330
11302220
3110222
20133200
3020114
113014100
41121110
3143000
23000411
411211100
211400030
301340000
11212130
300111203
112113002
14120300
3020141
31430000
111302003
1111412
11130230
431003000
300021113
303003002
13211003
112113020
1111421
300111230
222320000
320001410
422000003
30201221
300422
4421000
30111113
311113100
230004110
300431
333200
300021140
13211030
3200411
422000030
3110303
143300000
203003300
243110
211400111
2414000
114030002
30134
411203000
3110330
3020222
30143
300201410
114030020
300111302
11130311
330020300
300111311
11130320
112121300
112113110
300111320
141211100
231110111
31340000
30111203
303011300
300021221
303003110
13211111
202223
222230000
4331000
30021113
33003002
30111230
200300033
112133
200013320
3110411
41113100
112142
3020303
143210000
20330003
30021140
11212310
30233
11122202
20002331
122132000
30242
411113000
3020330
11122220
20330030
300013103
112113200
141203000
2111033
411031100
303003200
30201410
1431110
201111113
300013130
30111311
123410000
200300114
311400020
30111320
202331
332011100
112223
314300000
33011300
30021221
33003110
4241000
30314
211400300
200300141
413030000
112241
131012210
30323
3012212
113301110
114030200
3020411
30332
20330111
23312000
331110020
30341
3012230
11114120
2111114
211130003
411023000
300013211
111302300
300021410
13211300
2111141
141113000
422000300
211130030
30013103
111212210
132110003
201111221
1341110
332003000
112313
141031100
200300222
33003200
41400002
111032003
4110023
320141000
30013130
30413
20412110
22223
314210000
112340
30422
22232
111032030
30431
44300000
11114210
143030000
112310003
2111222
300300023
1423100
211130111
2144000
303200003
300341000
312121100
112310030
200300303
111114002
30431000
230111003
42211100
303200030
132110111
4110113
30021410
12212003
111114020
112421
22313
200300330
14123
112430
111032111
123230000
302012210
4110131
14132
230111030
331110200
3012410
22331
20330300
12212030
314120000
2111303
301111112
211212110
44210000
200030033
300013400
301111130
22411100
112310111
2111330
300300131
312113000
303200111
201111410
303110003
34101110
30300023
42203000
200300411
111122300
111114110
30300032
33200003
14213
230111111
30341000
302004110
12212111
24410000
111032210
3004310
14231
20322200
233011100
33200030
3332000
200030114
311130020
11401130
300300203
314030000
32012210
2111411
14301110
22403000
14211002
211130300
200030141
31111103
44120000
13400003
300300230
31111112
14211020
30300113
112130003
30013400
31111130
132110300
13400030
303110111
1112033
303020003
4110311
222001130
111032300
112130030
33200111
4110320
14321
33110003
20314100
122411000
14330
303020030
11311103
224000003
200112140
33110030
3242000
41130002
330201110
300300311
211122200
23001113
11311130
31103003
112310300
20142110
300300320
41130020
14211110
22313000
31111211
303200300
13400111
1112114
23001140
31103030
22231100
112130111
14402
230111300
30300230
300030023
111024200
14411
12212300
1112141
303020111
300030032
14420
301142
311130200
3201113
11303003
200112221
342110
33110111
33020003
11311211
224000111
411302000
203012210
211114100
131111030
313211000
200030330
2431100
20011133
33020030
14211200
2300033
133200002
23001221
31103111
2013320
31111310
133200020
14121110
30300311
22223000
111311003
303110300
1112222
30300320
300030113
424100
301223
320002220
4430000
204110003
311122100
111311030
342200
301241
200022203
211133
241400000
3201221
131111111
3111113
11213003
203004110
33020111
30030032
2300114
200022230
122231000
20003033
3111131
134011100
11131103
24140000
3111140
11213030
31111400
20011241
300202220
2300141
1112303
141302000
330021110
43211000
11131130
300030203
112130300
111311102
301313
300112130
111311111
1112330
303020300
211214
320330000
13130003
334100
300030230
200014103
203033
200112410
302111003
114211100
204110111
4340000
30030113
3111203
200022311
11311400
211241
20003114
224000300
13130030
200014130
30030131
3111221
302111030
11213111
23411000
3021113
20011322
11123003
2300222
122100032
23001410
31103300
20003141
2333000
11131211
14113100
3021140
11123030
111303002
1112411
11324
12323
300030302
1244000
111224
33111020
133202
230300003
1112420
1111223
2122211
300030311
1122212
1222112
203114
1332002
30202220
301421
2221112
2231102
300030320
11101223
11111213
11112212
11212112
11222102
301430
12211112
114203000
114131000
211322
111131003
211102220
2034110
230300030
13130111
22201112
22211102
3201410
200014211
11303300
203141
3111302
302111111
111000224
113033
111001223
20011403
33020300
111122102
331101110
2300303
112111112
122100113
112221002
2220032
122101112
122111102
211401110
222001112
3111320
3201140
223110002
32111003
12242
31133
3411020
1110143
1111142
1121132
113220002
122100131
201121400
3021221
20011430
11123111
11101142
11111132
2300330
12210032
330013100
22200032
11131310
4110032
432110000
111001142
304110002
112110032
113220020
112412
32111030
122402
214211000
20112140
300022202
2220302
11100413
11101412
22200302
20300114
411032000
12230030
122100302
11432
111311300
111332
231111110
1110332
1440200
11100332
111000332
211403
300022220
1114112
13212110
230300111
1124102
2030033
1224002
11114102
11214002
300300032
422001110
111004112
111014102
222003002
113114
302411000
204110300
1113032
30030302
111003032
1241300
1113302
11103302
111003302
21232100
30224
211430
20003303
114113000
3111032
142112
122100203
1141112
11130113
31214
3013103
412310000
11131112
3111410
2412110
11213300
113141
111031112
31223
24311
23033
31142
2300411
114031100
1140032
11130032
3113030
142400000
141302
20003330
11130302
111030302
34112
122100230
32111111
11131400
31241
3013130
111033002
33032
300224
311041100
312212
241130000
411113
1411112
11401112
14400020
11411102
300014102
111301112
111411002
200111330
122400002
2112140
1410032
300413
301412
311402
312212000
411302
2030114
1410302
1432100
11400302
111300302
203303
300014120
300332
304112
414002
1413002
111124100
303032
303302
331112
341102
34110002
302002220
1440002
11430002
30112310
330302
3000224
200301113
30022202
3001223
13130300
2030141
24410
303023
21224000
311300300
203330
4221002
302111300
14101112
113222
114001112
114011102
3000143
23114
3001142
30022220
3011132
111041102
111000143
14100032
31313
114000032
20003411
200301140
4110302
14100302
122100311
114023000
114000302
31322
203111003
3000332
3004112
320411000
114003002
111041120
3003032
3021410
201143000
11123300
23141
20331110
3031112
113220200
4140002
1121231
3030032
31340
3030302
303001112
200030411
142310000
2112113
14400002
3300032
330300020
3300302
203111030
30000224
304110200
30012212
30112112
31110113
31121102
42210002
320030003
141001112
333200000
31110032
300014210
30330020
30001412
30111302
31110302
41100302
23141000
2243000
13320200
30114002
230300300
20003222
2030222
141003002
30031112
30041102
1244
203411
111411200
30300302
30014102
113303
13122200
33011102
3024200
321110030
201112220
111033110
144000002
33000032
42212000
2220230
200122400
131300003
111131300
200301221
131111300
300000224
30014120
111000233
441002
31403
111331100
300112112
12221102
311222000
233102000
11114300
113330
230030003
31412
122400200
23222
3300023
211100303
302220002
1140023
300204110
331111100
31421
131300030
311101112
313400000
322130000
311211002
301112003
32111300
11100323
31430
203111111
3341000
411001112
303203
412110002
422100002
341000300
230030030
300111032
412130000
243110000
301110032
311100032
111112310
33000320
300001412
200114300
434000000
141011120
242000003
311100302
300014300
2112221
301112030
2030303
3211400
411000302
11400131
320041100
302330000
300114002
211131110
111431000
3113111
241103000
311103002
211411100
411003002
242000030
300031112
3031211
333110000
30030320
223310000
311130002
13114100
23122100
3023030
31140020
34110200
124400
2030330
230011400
311311100
300300113
13103300
300311102
201440000
300411002
30014210
113411
111300230
311400002
132111110
23303
4111112
30204110
12213002
300300302
113420
331130000
4313
131300111
23312
3300113
230011103
11402003
111041300
111000341
323001110
3203300
331103000
320033000
4111130
43103
12213020
200303030
20304110
230030111
122420000
242000111
23330
322100003
3322100
112223000
111300023
211403000
330300200
303300002
30032300
302031110
20013320
330011102
11402030
301112111
330111002
331110002
41231
23114000
113122100
111302111
330000032
330000302
300301112
330003002
330030002
2022203
330300002
300200222
322100030
13340
43400000
122103020
222020300
31112003
113240
123230
112311110
300024110
13214000
222131
300301130
2030411
31140200
233120
422003000
1111241
142130000
1112240
14130002
222002003
144200000
4421
303201110
1122230
431111000
30241100
303111002
111001133
30014300
111000413
31112030
320011103
333020000
212210003
200301410
302300003
14130020
1222130
111000422
1232120
41103020
2231120
3431000
3300203
303111020
31400300
230112110
111000431
441200
211104110
300200303
23411
12221300
113222000
12213110
11102240
230411000
3221300
320011130
131003111
41311100
124400000
302300030
11402111
303110030
201413000
12221120
22200131
203111300
22211120
3300230
223130000
22311020
200031113
111000242
200311400
20233100
111002240
111011231
322100111
122330000
200303003
422300
111012230
30200222
414020000
330211100
2014103
411311000
111112130
2112410
111122120
24110030
31130030
112110131
300211103
313220000
113300003
112121120
112221020
200031140
20300222
212210111
2022311
12440000
143000003
13103030
20001224
122111120
122211020
14240
31112111
43310000
203330000
2014130
2114003
311211200
222011120
223110020
143000030
30301112
2243
300211130
320003003
31101410
1121213
201410030
222002111
22232000
122420
22200230
111320003
330030020
211141100
303111110
11330030
311213000
30200303
30301130
320011211
433100
300311030
4111310
302300111
12213200
302033
1121123
2220023
242210000
201114110
320003030
3300311
41303000
11300303
33111002
200322200
230030300
3410003
111320030
200303111
3300320
311000033
111000134
32300003
30200330
111011123
324110
20300303
201110033
111111023
112110023
122100023
301112300
242111000
222000023
111303020
242210
1111430
1121420
131030003
131222000
200031221
200004140
11101430
11111420
22200320
14102300
300203003
111011420
111111320
32300030
21140030
214400000
2114111
122100320
2014211
141320
111000323
30041300
3030023
1424000
303211100
1124120
300211211
111211103
1224020
131030030
230003300
313130000
2223020
31112210
31141100
114140000
111002222
13401110
1121303
141311000
1113113
22203020
111003131
21111410
111004130
323003000
30211103
303111200
111014120
302114
131003003
212210300
201110141
112131110
320003111
234110
3014300
311141000
1113131
21421100
11412110
222003020
111320111
234110000
3134
311000114
111230003
1113140
131003030
303021110
1113023
230022200
20001440
30211130
111003023
11402300
302141
311303000
114320
1113320
200041130
11103320
111003320
200113220
411131000
33111110
11330300
41213000
141131
1140131
11141120
322100300
311000141
111230030
32300111
11241020
12240020
11312210
32210003
22230020
111203003
224001110
111002303
124100300
112140020
200303300
1340111
41131100
11130023
311014100
131030111
111030023
3030113
330203
11132003
1140320
201440
114002111
300203111
11222120
44120
11133020
300113003
23002220
111033020
31104110
300000134
211100411
302240
311231
1113203
11121410
312230
200033030
11101340
330030200
1413110
1121402
30203003
222002300
1421120
11132030
300031103
30411200
11411120
320031110
1121411
111311120
1113221
300113030
4113110
320011400
43103000
112410020
30211211
302300300
300134
302222
301133
43130000
311123
111002411
12410003
230014100
112141100
30203030
22201310
332111000
200414000
300031130
411320
1410320
11400320
311000222
111230111
33111200
111300320
131003300
203300003
201110330
302003003
34100030
30222020
200441000
331100300
1413020
20044100
3202220
111113030
12410030
131011400
3112112
200123210
200031410
302030003
33121100
20012213
33021110
1142111
41123000
2301113
341120
3030203
441020
23303000
203300030
32210111
2014400
1440020
3112130
203222
11214020
330320
3000242
3030131
300211400
113030003
31114100
242003000
30113003
32011130
302030030
11132111
20012240
214111100
1310222
11403200
2301140
114011120
3030230
300113111
114111020
201221003
131004110
300023003
112123100
3111023
3110141
302303
411000032
111003311
303023000
300041120
320003300
33113000
23300300
30203111
422100200
14100320
3421100
300031211
111320300
3003131
111312110
311000303
131122100
3004130
111222002
3014120
113411000
212213
300023030
200111033
141131000
32003003
302330
3114020
4113020
14103020
114003020
12410111
3003023
3003320
3041120
4140020
111222020
41211020
204111110
3033020
212213000
32003030
311000330
122123
32300300
3300131
200023310
203300111
212240
21110033
3301130
3311120
122132
114300020
3303020
200341100
30000242
13104110
30031130
30002240
3112220
30111131
11214110
302030111
30112130
20012321
31121120
431111
300203300
2301221
3413000
3030311
31221020
200111114
4310030
1132220
20004140
200033300
41111120
20014103
3030320
411000113
11132210
32030003
203011400
30041120
141111020
341030
204140
30111023
141000023
11142200
14400200
30000323
30003131
1123400
111313100
34100300
1113410
411000131
141003020
2012240
32210030
300023111
30211400
30141020
242300000
302411
1441100
30030023
32030030
201121103
214130000
204113
30033020
13141100
302420
30300131
30311120
30113111
42311000
200111222
341111
311000411
111230300
41400020
3114110
200144000
141000032
212321
21110114
3241100
33011120
122213
13131110
114023
2004113
34110020
201121130
30031211
33013100
44100020
302112110
33003020
114032
113011103
32114
12230003
300112310
300002240
30023030
122231
131022200
11304110
3022202
14120111
113311100
21110141
4123100
3022400
3440000
304310
311101130
311111120
443000000
431300
13133000
300141200
311330000
422100020
122101130
411000203
3022220
32141
11124110
242001110
142110200
411000023
112410002
3024110
300113300
142100300
343100
301113020
311103020
411003020
300030131
241100030
301140020
300330200
13100303
32030111
431300000
303002030
1310114
124100003
30203300
300411020
411000230
301410020
300031400
201332000
3002114
201113003
303001130
2041130
2341100
304110020
111134000
141000113
30201140
313211
303300020
303003020
230301110
311114000
111222200
4130111
144002000
201121211
12410300
1310141
124100030
122303
2303300
114113
330111020
141000131
41400200
200222030
201113030
30023111
330000320
232220000
200222300
133400
203300300
11112410
21110222
1132400
200141003
231110003
111024110
114131
131014100
32213
3014102
2041211
233111000
11122400
122330
11222300
302030300
21110330
32222
12230111
231110030
311002220
2301410
30242000
320030111
212211110
112221200
20002223
11124200
242030000
12413000
200041400
3311030
133200200
32112110
2004410
32240
222001310
311111003
203030003
233100200
22403
11401310
411000311
111023030
111131111
22200203
31211003
111000314
33201110
12440
22430
411000320
320112110
422000111
1121330
300023300
131311100
344000000
12210230
34310
2031113
32004110
141000203
241100300
112110230
203030030
124100111
311402000
11333
20222030
334100000
111214100
303001310
31211030
201113111
1343000
1113311
3221030
114203
1224200
11214200
22203200
21110303
2041400
111004310
33300002
111114200
2031140
411203
141000230
14303
30031400
122300300
1113230
122411
111003230
114221
230000222
32303
20414000
24113
30031103
201111140
33300020
30113300
114230
200112113
302022200
21141110
20004410
11411003
200001143
241211000
122101310
11241200
331112000
32321
3014210
122130200
222030200
11130203
302303000
300431000
231110300
111033200
32330
411311
24140
324110000
301121102
222300200
224003
11400203
323000003
200333000
211222100
301340
11411030
132110030
112410200
111303200
43100300
43400
32030300
323000030
211101410
203030111
301121120
113000033
3111311
3112310
23222000
30002420
114001310
31211111
303300200
231221000
3011303
4110203
111204110
300004310
141000302
3111230
4110230
30301310
114003200
3031310
323000111
2031221
3422000
141000311
22331000
14130200
204410
141020300
34111100
201140030
114302
11300330
141000320
2411111
1130114
4112003
30023300
11113103
30022400
114311
300314000
3121400
20422100
21110411
200302220
31110230
43100030
21221003
41402000
30030311
30031310
311003030
302014100
30141200
41130200
141030200
111042200
111001241
30030203
32411
12230300
24221
4112030
30030230
1234100
20441000
30300203
142211000
32420
30330200
24230
11411111
113031110
200011430
301113002
300001421
300002420
300022400
203112110
301110311
211214000
301111310
113000114
300302003
201222110
301121300
301221200
311003111
32022200
20111033
323000300
432110
14311100
302000114
411111200
233003000
411320000
412110200
300001313
321140000
2113220
111022220
313100300
20023310
224000030
411003200
300003230
1310411
113041100
113000141
300302030
11102411
300031310
301140200
300301310
301410200
201113300
311400200
132221000
22200023
34103000
203303000
200030303
330111200
3410030
24230000
222011102
11303030
332300000
111001313
112140002
124211
224111
30020222
1321103
1124210
33300200
1224110
114410
1334000
11113211
311003300
1130222
4112111
431030000
11324000
303030002
33200300
442100
11303111
131301110
200122103
3301112
311033
11403002
204110030
111001340
2423000
32000222
113303000
200141030
222013100
13400300
24203
303030020
33110300
230031110
114140
32000303
224030
20111114
134003000
11403020
22202030
203041100
112112030
222002030
224300
200122130
13101410
32014100
11103410
301113110
22202300
134111000
122102300
21140300
11231003
203030300
11102330
113000222
23011103
3410300
2304110
13430
30113030
31211300
20111141
244100
114121100
113033000
300203030
31113002
1310033
14221100
111043100
111143000
311131100
411230000
22200113
2031410
30302003
32033
143300
11231030
11132300
111023003
32011211
23011130
111303110
31113020
230001140
222302000
1130303
141320000
113003003
13320002
341000003
111001412
113003030
111302030
142400
111332000
3004220
311114
3013211
111411020
111001421
30302030
322103
332210000
114003110
200014400
200114003
13320020
3013400
111001430
114032000
114311000
114302000
1130330
30013211
311132
31113110
341000030
3211103
311132000
31123100
231140000
200122211
11411300
311141
11403110
302222000
41102030
31112300
41102300
30043100
30143000
141032000
200114030
113000303
301113200
2422100
33030002
31100411
1433000
241400
20111222
323210000
203022200
113003300
3211130
23003003
311102300
300302111
300302300
303013100
20144000
414002000
303002300
303302000
33030020
311003003
2022230
11231111
14213000
20004113
113000330
23011211
323111000
111132110
2023310
113114000
312410000
1241003
11120114
1310330
31121300
242030
23003030
1130141
211111400
2240030
111131030
1130033
14131100
131300300
311004110
30302111
134300
224300000
20414
323030000
222011300
302001140
222003110
14303000
112140200
111034100
31321100
1130411
4112300
311213
434000
341000111
141230000
111323000
320012210
323300
312221000
20011214
302301110
32001140
303030200
21413000
311033000
3203003
212221100
131112110
3301310
200114111
344000
141023000
30023003
23330000
320122100
22220030
311123000
20111303
114221000
303131000
203001140
3211211
31100222
21332000
20111411
3121103
311222
131111003
2420111
11300411
203014100
32411000
3203030
32210300
20004221
131033
131141000
113000411
200032220
20041103
200030222
31100330
41132000
204221
20111330
2420030
21143000
22400300
11100134
23003111
330113000
20034110
3121130
1310303
203411000
211103300
11141102
11100143
31113200
21140111
300212210
321110003
41330000
131030300
300122102
22200311
14123000
200412110
330203000
2441000
330031100
24201110
114110030
322101110
