2560
98306
524291
5
12304
19
65560
26
40
320
4674
1608
1097
586
75
4688
600
89
12416
131
52690944
23330816
19660800
19202048
19144704
19137536
19136640
1664
19136528
12290
65539
152
19136514
35946496
6586368
2916352
2457600
2400256
2393088
2392192
2392080
2392066
33853440
1552
4493312
823296
364544
307200
300032
299136
8216
299024
299010
33591808
4231680
561664
102912
45568
38400
37504
37392
37378
33559104
4198976
528960
70208
12864
5696
4800
33555016
4194888
65728
524872
194
66120
8776
50332672
4980736
50331664
712
201
33554505
4194377
524361
65609
8265
50331776
208
1310720
8384
1216
83886080
54525952
50855936
50397184
50339840
39845888
1538
8195
10485760
6815744
6356992
6299648
6292480
6291584
6291458
34340864
851968
794624
787456
786448
786434
33652736
4292608
1048
622592
163840
106496
98432
98320
33566720
4206592
536576
77824
13312
33555968
1027
4195840
525824
9728
33554624
4194496
33554456
524312
4194307
