0 4194328 0
0 2 98304
584 8192 0
299008 0 1024
0 23330816 0
524288 1536 0
0 24 2
128 37376 0
0 0 26
0 2 3
0 1024 299008
4672 33554432 0
0 0 194
4194307 0 0
6291456 128 0
524288 0 50331648
1024 0 24
0 1536 65536
524288 0 98304
0 299008 33554432
65536 37376 0
33554432 584 0
786432 33554432 0
0 4194304 24
0 4980736 0
0 2 12288
2 0 19136512
37376 0 4194304
524288 4672 0
0 0 45568
0 19136640 0
0 16 12288
1024 0 584
0 0 2393088
0 50331664 0
98304 1024 0
4672 0 128
19136512 0 4194304
2 0 3
50331648 8192 0
65536 0 4672
0 2 299008
584 4194304 0
299008 1024 0
16 0 299008
0 16 1536
0 192 4194304
0 128 2392064
0 528960 0
0 37376 33554432
50331648 0 524288
0 65609 0
0 50397184 0
2 0 584
12864 0 0
98304 2 0
19136640 0 0
524312 0 0
128 0 50331648
73 128 0
1027 0 0
0 73 8192
6356992 0 0
19660800 0 0
192 8192 0
0 65536 98304
2 786432 0
0 16 192
0 16 2392064
0 65536 12288
65539 0 0
823296 0 0
299008 8192 0
0 2916352 0
192 65536 0
12288 4194304 0
33559104 0 0
192 4194304 0
299010 0 0
128 0 19136512
584 0 4194304
0 65536 37376
6291456 0 1024
0 65536 4672
0 0 23330816
0 524480 0
1048 0 0
0 65560 0
0 128 786432
0 0 67072
2 0 1536
0 1027 0
0 2 24
2 19136512 0
8192 0 2392064
0 0 524291
0 2 1536
0 299008 524288
2392064 4194304 0
1024 0 2392064
0 2392192 0
52690944 0 0
0 50331648 524288
16 24 0
0 524288 24
0 2 2392064
19136512 8192 0
524288 98304 0
0 8192 192
16 0 6291456
0 0 786448
24 128 0
0 2392064 16
0 50331648 1024
299008 0 4194304
0 0 33555968
8192 0 12288
0 0 2392066
2 0 192
524872 0 0
0 2 584
16 0 2392064
12288 128 0
0 4800 0
0 4194304 786432
0 8192 1536
0 12290 0
16 0 50331648
2392064 524288 0
794624 0 0
299008 0 16
2 0 299008
2 0 98304
0 0 525824
4194304 0 98304
65536 0 192
33554432 0 73
128 50331648 0
4194304 73 0
192 0 4194304
0 19137536 0
65536 0 3
24 1024 0
8192 0 299008
33554432 0 2392064
128 0 2392064
524288 0 299008
65536 0 50331648
299008 0 524288
0 0 561664
65536 2392064 0
0 1664 0
0 33554505 0
16 12288 0
524288 0 12288
2 0 50331648
0 3 1024
0 102912 0
2 192 0
73 1024 0
1024 299008 0
0 128 1536
584 65536 0
4194304 19136512 0
2 2392064 0
12290 0 0
0 65536 584
8192 50331648 0
19136528 0 0
73 0 1024
0 8192 786432
24 0 65536
4672 65536 0
0 0 4194377
0 4194304 584
37376 16 0
0 13312 0
0 536576 0
0 24 65536
98304 0 524288
0 0 8265
0 524288 192
24 0 1024
0 33554432 192
0 0 712
528960 0 0
0 5696 0
0 98432 0
1024 50331648 0
299008 0 128
50331648 128 0
0 584 65536
0 16 24
0 3 65536
0 128 24
4672 524288 0
33554432 0 299008
0 0 12864
2 50331648 0
0 26 0
1536 33554432 0
299008 2 0
1536 2 0
1536 0 4194304
0 128 98304
208 0 0
0 6291456 524288
0 584 2
0 0 50339840
128 0 3
524288 299008 0
33554432 0 584
0 77824 0
524288 0 1536
0 299010 0
4194304 192 0
622592 0 0
0 0 19202048
0 16 584
0 0 19136640
0 54525952 0
3 0 16
33554432 6291456 0
786432 1024 0
128 0 98304
0 106496 0
0 3 4194304
8192 6291456 0
37376 33554432 0
192 0 1024
0 1024 2392064
0 0 50331664
98304 33554432 0
4672 0 33554432
0 4194304 3
0 0 4493312
0 4194304 1536
0 128 12288
33554435 0 0
2392064 16 0
0 2 192
0 8192 584
37376 0 8192
2916352 0 0
0 4292608 0
12304 0 0
2392064 0 65536
0 3 8192
4672 4194304 0
37376 0 16
6291456 524288 0
65536 0 584
19137536 0 0
0 0 2457600
33554432 0 6291456
0 524288 50331648
16 0 24
102912 0 0
0 1552 0
786432 0 1024
50331648 0 16
0 16 786432
0 6586368 0
8192 98304 0
0 192 16
0 524361 0
0 65536 50331648
98304 8192 0
1024 0 192
1536 1024 0
0 65536 19136512
2393088 0 0
0 50332672 0
0 8192 19136512
4198976 0 0
0 0 106496
0 1024 98304
0 2 6291456
0 33555968 0
786432 4194304 0
0 712 0
4194496 0 0
0 8192 6291456
0 299008 2
24 524288 0
0 33554432 3
524361 0 0
128 0 12288
524288 0 192
0 16 6291456
0 50855936 0
24 8192 0
0 19144704 0
851968 0 0
0 0 307200
0 75 0
0 851968 0
0 0 152
98320 0 0
0 1536 524288
33554432 0 1536
128 4672 0
19136512 0 16
2392064 0 16
16 1536 0
192 128 0
0 8192 50331648
8192 192 0
0 0 201
0 8265 0
0 73 4194304
0 364544 0
0 12288 1024
6291456 8192 0
73 65536 0
0 128 3
0 299136 0
16 0 98304
4194304 1536 0
12288 16 0
19136512 0 524288
2 4672 0
0 8192 3
0 37504 0
0 8776 0
24 65536 0
6586368 0 0
0 0 54525952
0 35946496 0
4672 8192 0
12288 2 0
786434 0 0
0 19136514 0
0 6291456 33554432
128 1536 0
787456 0 0
37376 524288 0
73 8192 0
1024 0 6291456
19144704 0 0
66120 0 0
0 1024 584
0 0 1664
98304 0 1024
0 50331648 16
4194328 0 0
0 0 12416
1024 192 0
23330816 0 0
0 786560 0
73 2 0
786432 0 16
16 6291456 0
4194304 98304 0
0 6292480 0
0 4194888 0
70208 0 0
33554432 0 4672
73 524288 0
1024 2392064 0
0 4493312 0
2392064 65536 0
0 128 19136512
19136512 4194304 0
8195 0 0
4194304 0 786432
0 98304 128
37376 0 65536
8192 12288 0
0 4672 1024
0 67072 0
0 19202048 0
0 299008 8192
0 194 0
1024 0 98304
192 33554432 0
0 8192 299008
0 0 300032
6291456 1024 0
6291456 0 2
3 0 33554432
65536 98304 0
0 192 2
0 4231680 0
0 0 794624
0 65536 6291456
37376 0 128
6291456 33554432 0
4194304 786432 0
786560 0 0
0 98304 65536
4672 16 0
0 4198976 0
1024 584 0
0 24 16
128 3 0
2392064 0 8192
192 0 524288
584 2 0
0 0 50855936
128 786432 0
584 0 524288
16 0 1536
0 1024 19136512
98304 0 4194304
8192 24 0
8192 73 0
1024 37376 0
1024 0 786432
0 33554432 98304
12288 1024 0
128 24 0
0 6291472 0
0 1536 16
0 8192 73
584 1024 0
0 786432 2
8192 0 1536
0 33559104 0
2 1536 0
524288 12288 0
0 4194304 98304
0 0 4198976
524288 2392064 0
2 0 73
16 0 73
65560 0 0
1664 0 0
0 66120 0
0 33554624 0
2 0 4672
0 0 622592
2 12288 0
299136 0 0
33554432 299008 0
0 1536 33554432
0 4672 33554432
4194304 0 2392064
0 2392064 33554432
65536 6291456 0
16 4672 0
0 6291456 4194304
0 6291456 16
2457600 0 0
1552 0 0
0 19136512 16
0 0 65728
4194304 0 584
0 8192 24
0 524288 299008
786432 128 0
33554432 0 37376
0 8192 4672
4292608 0 0
584 128 0
50331776 0 0
65536 299008 0
4231680 0 0
4194304 24 0
0 2392064 1024
65609 0 0
0 0 586
0 50331648 2
8192 0 73
0 1024 6291456
0 786434 0
0 2392064 4194304
0 786432 128
192 0 33554432
786432 524288 0
2 0 12288
0 4194304 19136512
19202048 0 0
0 6291456 8192
0 37376 4194304
2 73 0
0 0 33555016
524288 0 4672
786432 65536 0
0 4194304 50331648
50332672 0 0
131 0 0
0 33554432 50331648
524288 37376 0
536576 0 0
19136512 65536 0
0 524288 19136512
8384 0 0
16 0 3
0 24 33554432
0 2 4672
0 128 50331648
0 0 528960
0 584 33554432
2400256 0 0
4194304 0 37376
5696 0 0
73 4194304 0
0 50331648 8192
65536 0 6291456
12288 0 524288
65536 192 0
33554432 786432 0
0 33555016 0
0 65536 1536
50331648 524288 0
584 16 0
0 0 33652736
586 0 0
4194304 12288 0
1536 0 65536
0 0 299024
4672 0 16
33554432 0 3
2392064 0 2
0 98304 1024
0 0 4292608
3 4194304 0
0 3 128
0 128 4672
0 584 4194304
3 65536 0
0 0 299010
0 192 33554432
3 1024 0
0 1097 0
98306 0 0
0 8384 0
0 33554432 4672
0 786432 33554432
0 19136528 0
0 0 34340864
0 12304 0
0 524288 12288
0 584 128
2392080 0 0
4688 0 0
24 0 128
0 9728 0
307200 0 0
0 2 73
0 208 0
0 524288 4672
4194304 0 73
2 0 786432
12416 0 0
0 2392080 0
584 524288 0
0 38400 0
786432 16 0
0 128 37376
106496 0 0
786432 8192 0
3 128 0
73 0 128
50331648 0 4194304
19136512 128 0
16 73 0
524288 0 2392064
0 525824 0
19136512 0 128
4194304 0 12288
50331648 2 0
192 0 8192
0 8192 37376
0 2393088 0
0 299008 4194304
65536 0 37376
24 0 4194304
1024 1536 0
33554432 73 0
0 787456 0
0 4194377 0
4194304 2392064 0
65536 50331648 0
0 33554432 73
1536 8192 0
65536 1536 0
65536 0 73
16 3 0
0 600 0
0 0 4980736
0 1536 4194304
128 584 0
786432 2 0
2392064 0 33554432
524288 0 3
4194377 0 0
1536 0 128
1024 0 37376
0 4672 2
524288 50331648 0
73 0 4194304
0 4194307 0
37392 0 0
0 98304 2
0 6299648 0
0 73 16
0 65536 2392064
1024 0 50331648
0 4674 0
33554432 0 24
19136512 0 33554432
67072 0 0
4194304 3 0
0 19136512 524288
6291472 0 0
16 0 4672
3 0 65536
12288 33554432 0
128 0 192
0 16 4672
524288 0 6291456
39845888 0 0
0 0 524361
24 16 0
0 50331648 33554432
0 37376 65536
4672 0 4194304
24 33554432 0
0 98304 524288
98304 0 16
0 307200 0
0 786432 4194304
0 33554432 19136512
0 0 75
0 192 524288
0 19136512 33554432
37376 8192 0
1536 4194304 0
0 73 2
0 52690944 0
299008 128 0
0 16 19136512
0 33554432 299008
0 12288 8192
33566720 0 0
525824 0 0
73 0 524288
0 12864 0
0 0 65560
8192 37376 0
0 50331776 0
0 622592 0
73 16 0
1536 524288 0
12288 524288 0
8192 0 98304
65536 584 0
8192 0 3
3 16 0
0 1024 50331648
73 0 16
0 0 37378
12288 8192 0
0 73 1024
37376 128 0
8192 0 6291456
0 98320 0
33554432 0 98304
128 98304 0
0 201 0
24 0 16
299008 0 33554432
0 6815744 0
0 50339840 0
1536 65536 0
50331664 0 0
3 0 4194304
33554432 50331648 0
0 1538 0
0 192 1024
0 128 192
4194304 0 299008
50855936 0 0
37376 0 1024
299008 16 0
0 98304 8192
0 1024 192
0 524312 0
0 33554432 786432
65536 24 0
33554432 19136512 0
0 0 4674
0 0 19136514
0 37376 2
524288 6291456 0
0 19136512 2
524288 19136512 0
98304 0 128
73 0 2
524288 0 24
584 0 2
128 6291456 0
8192 0 19136512
0 65728 0
65536 19136512 0
4672 0 2
37376 0 2
299008 0 2
19136512 0 2
0 0 1538
1608 0 0
0 37376 524288
16 0 786432
0 0 98306
65536 12288 0
0 0 786434
0 0 6291458
16 0 37376
0 3 2
0 1536 2
0 12288 2
0 50331650 0
0 584 8192
24 0 2
4493312 0 0
1536 0 524288
192 0 2
1536 0 2
2 37376 0
12288 0 2
98304 0 2
786432 0 2
4980736 0 0
50331648 0 2
0 2400256 0
0 19136512 8192
0 0 600
0 823296 0
0 0 4195840
0 524288 1536
0 0 823296
0 0 33591808
4194304 0 1536
37376 0 33554432
0 0 524480
8192 0 4672
0 0 4688
0 0 12290
0 0 2392080
0 0 19136528
16 786432 0
0 584 16
0 4672 16
0 37376 16
65536 0 12288
584 0 16
4206592 0 0
584 0 128
4800 0 0
0 0 208
0 0 4194496
0 0 12304
524288 24 0
0 0 98320
0 6291584 0
3 0 524288
0 0 6291472
0 3 16
0 12288 16
2392192 0 0
38400 0 0
0 65536 192
0 98304 16
524288 3 0
50331648 1024 0
0 4672 524288
0 0 786560
786432 0 8192
192 0 16
0 561664 0
0 73 128
2 0 37376
1536 0 16
16 299008 0
12288 0 16
1024 4672 0
0 12416 0
0 2392064 524288
0 37378 0
6291456 0 16
0 0 4800
8776 0 0
0 0 37504
0 0 299136
128 0 786432
0 4672 128
0 37376 128
0 299008 128
37378 0 0
192 2 0
0 6291456 1024
0 1536 8192
19136512 16 0
2392064 0 128
0 0 131
0 0 98432
33554432 0 12288
0 0 6291584
0 0 50331776
0 1024 37376
0 24 128
0 0 4231680
0 1608 0
3 2 0
65536 73 0
0 1536 128
33555968 0 0
0 33554432 584
0 8216 0
6291458 0 0
584 0 65536
0 6291456 128
1097 0 0
45568 0 0
3 0 128
0 4194304 37376
2 24 0
0 3 524288
0 0 2400256
0 299008 1024
37376 0 524288
1536 16 0
786432 0 128
6291456 0 128
50331648 0 128
0 0 1097
37504 0 0
98304 128 0
0 0 19137536
0 0 1608
0 33554432 12288
8192 3 0
16 98304 0
0 0 38400
98304 524288 0
524288 0 73
1024 0 12288
0 584 1024
128 19136512 0
0 37376 1024
0 19136512 1024
0 524288 37376
584 0 1024
561664 0 0
4672 0 1024
12288 0 65536
0 33554432 1536
75 0 0
0 0 99328
6291456 16 0
0 0 33554624
0 0 1048
0 0 1216
0 786432 1024
0 8195 0
0 586 0
12288 65536 0
0 3 33554432
0 2 786432
98304 4194304 0
2392064 0 1024
0 0 787456
524288 0 37376
524288 0 584
0 0 1552
0 33554435 0
98432 0 0
0 24 1024
0 1536 1024
0 0 13312
73 0 33554432
3 0 8192
3 524288 0
26 0 0
12288 0 1024
0 786448 0
50331648 0 1024
0 0 8776
2 584 0
0 33853440 0
3 0 2
152 0 0
0 4672 8192
65536 0 19136512
4194304 50331648 0
4194304 37376 0
0 37376 8192
0 0 33554505
0 2392064 8192
0 0 89
0 2392064 65536
73 0 8192
584 0 8192
4672 0 8192
73 0 65536
299008 0 8192
65536 0 24
299008 65536 0
0 0 8195
0 0 8216
77824 0 0
0 0 8384
4194304 0 4672
0 0 9728
0 0 6299648
0 24 8192
16 0 584
0 0 4194888
33554432 192 0
0 19136512 128
0 0 524872
3 0 1024
0 65536 786432
24 0 8192
2392064 0 524288
50331648 0 33554432
12288 0 8192
98304 0 8192
0 4194496 0
33554432 0 192
50331648 0 8192
0 0 65609
0 786432 524288
1024 0 73
0 0 70208
9728 0 0
0 33554432 24
0 0 102912
0 0 364544
4194304 0 192
0 4672 65536
2 6291456 0
6291456 0 65536
0 0 6586368
19136512 0 65536
0 4194304 6291456
0 19136512 65536
1024 0 3
19136512 1024 0
4672 0 65536
0 65536 24
1536 0 33554432
2392064 33554432 0
299008 0 65536
0 39845888 0
0 299008 65536
128 0 299008
8192 2392064 0
0 0 65539
300032 0 0
0 33554432 37376
33554432 4672 0
4194304 0 50331648
8192 0 50331648
3 8192 0
0 0 851968
0 0 6356992
1024 0 19136512
6291456 4194304 0
6291456 0 8192
786432 0 33554432
0 37392 0
6291456 65536 0
299008 4194304 0
19 0 0
0 192 65536
201 0 0
0 0 52690944
33554432 1536 0
4194888 0 0
0 12288 65536
128 12288 0
19136512 524288 0
65536 786432 0
0 786432 65536
8192 0 192
0 6291456 65536
0 50331648 65536
192 524288 0
1024 12288 0
0 65536 3
33853440 0 0
0 300032 0
1024 19136512 0
19136514 0 0
0 1024 4672
33554432 2392064 0
4194304 584 0
0 524288 584
299008 524288 0
19136512 2 0
0 4194304 12288
0 794624 0
4194304 299008 0
2 98304 0
128 0 37376
35946496 0 0
50331648 0 65536
0 152 0
0 4672 4194304
0 2392064 2
0 786432 8192
0 45568 0
0 0 2916352
2 299008 0
0 0 6292480
0 0 19660800
33554456 0 0
0 73 524288
524288 584 0
364544 0 0
0 524288 98304
2 0 2392064
0 524288 6291456
0 16 73
0 19660800 0
0 2457600 0
33554505 0 0
2 0 24
0 4194304 2392064
299024 0 0
0 1048 0
2392066 0 0
33554432 24 0
0 0 37392
192 0 128
1024 0 299008
6291456 2 0
50331648 4194304 0
128 0 73
128 0 24
33554432 98304 0
128 0 1536
0 0 5696
0 12288 524288
65536 0 786432
0 99328 0
0 8192 98304
54525952 0 0
192 1024 0
0 128 584
0 0 524312
0 0 19
0 33554432 2392064
1538 0 0
0 12288 128
1024 3 0
4672 2 0
128 0 4672
1024 98304 0
12288 0 128
1024 786432 0
8192 19136512 0
1024 73 0
0 4194304 299008
2392064 0 4194304
0 33566720 0
0 1024 73
0 19136512 4194304
786448 0 0
0 0 66120
0 6291458 0
24 0 33554432
6815744 0 0
8192 299008 0
4194304 0 19136512
786432 0 65536
73 33554432 0
0 16 3
2392064 128 0
24 0 524288
12288 0 4194304
6291456 0 524288
0 192 8192
33554432 0 19136512
0 1024 1536
0 24 4194304
16 2392064 0
1024 0 1536
2 0 6291456
0 524872 0
4674 0 0
37376 4194304 0
33591808 0 0
4194304 0 24
0 24 524288
16 0 12288
0 0 4194307
0 0 4194328
2 3 0
0 0 50332672
0 524288 2392064
24 2 0
0 0 4206592
16 192 0
65536 0 299008
1536 0 1024
34340864 0 0
0 12288 4194304
16 584 0
99328 0 0
0 98304 4194304
299008 33554432 0
786432 0 524288
65536 4672 0
8192 584 0
0 12288 33554432
65536 0 1536
16 37376 0
0 1024 3
33554432 37376 0
0 1024 12288
786432 0 4194304
65536 3 0
8192 0 37376
0 0 33559104
33554432 3 0
0 0 33853440
0 524288 73
0 0 50397184
0 0 35946496
6292480 0 0
0 73 33554432
16 0 19136512
0 0 2392192
584 0 33554432
0 0 33554435
0 0 33554456
0 0 1027
0 4194304 192
0 0 39845888
0 50331648 4194304
65728 0 0
0 50331648 128
16 50331648 0
6291456 0 4194304
0 73 65536
0 128 6291456
0 98304 33554432
0 34340864 0
0 16 37376
13312 0 0
6299648 0 0
12288 0 33554432
98304 0 33554432
6291456 0 33554432
1536 0 8192
4194304 0 3
524288 786432 0
0 2 37376
0 2392064 128
1536 128 0
0 2392066 0
0 4194304 4672
37376 2 0
4194304 4672 0
2392064 2 0
2392064 1024 0
0 2 50331648
128 73 0
0 98306 0
0 131 0
98304 65536 0
33554624 0 0
0 6291456 2
0 192 128
4194304 0 6291456
600 0 0
50331648 33554432 0
0 16 299008
0 33652736 0
0 2 19136512
0 89 0
0 4688 0
0 33554432 6291456
0 4195840 0
0 299024 0
0 4194304 73
524291 0 0
8192 4672 0
0 524288 786432
0 16 98304
4194304 6291456 0
0 16 50331648
0 19 0
0 128 299008
19136512 0 1024
0 0 50331650
33555016 0 0
98304 16 0
50331648 16 0
0 33591808 0
0 128 73
33554432 0 786432
6291584 0 0
8192 0 584
0 0 33566720
128 192 0
128 0 584
65536 0 2392064
0 0 6815744
0 0 19144704
0 33554456 0
16 0 192
33554432 12288 0
8192 0 786432
33652736 0 0
524288 0 19136512
194 0 0
3 33554432 0
2392064 8192 0
192 0 65536
712 0 0
524288 0 786432
4672 1024 0
37376 1024 0
0 1024 24
50397184 0 0
4195840 0 0
1024 24 0
50331648 65536 0
0 1216 0
0 584 524288
0 524288 3
0 786432 16
0 1024 786432
1024 6291456 0
0 0 536576
0 8192 2392064
98304 0 65536
4672 128 0
128 0 6291456
89 0 0
0 299008 16
1024 0 4672
0 65536 73
0 65536 299008
0 70208 0
37376 65536 0
16 19136512 0
65536 0 98304
8192 1536 0
8216 0 0
1216 0 0
8192 786432 0
0 65539 0
0 6356992 0
128 299008 0
524288 73 0
128 2392064 0
0 0 77824
19136512 33554432 0
0 524291 0
4672 0 524288
524288 192 0
192 16 0
524480 0 0
33554432 0 50331648
50339840 0 0
0 8192 12288
0 4206592 0
24 4194304 0
8192 0 24
19136512 0 8192
584 33554432 0
50331650 0 0
8265 0 0
