475136
409602
376835
311301
409616
311315
376856
311322
622619
2392093
311336
2392107
376905
311371
106572
2392142
311385
50331740
106593
786531
524388
102
50331761
116
409728
311427
106642
98452
311448
2392219
98466
377024
311490
106691
6291653
311497
50331852
311504
50331859
164056
2392282
65755
221
6291681
228
50331880
235
106761
786699
4194572
270
98578
786713
284
33554721
291
305
311616
2392387
6291800
347
6291849
396
417
672256
836098
4243971
336389
836112
336403
33604120
336410
336424
639552
803394
4211267
16965
377416
574025
311882
107083
2392653
803408
16979
33571416
49753
303706
98907
107104
787042
66147
613
303720
787056
627
6341248
336515
541321
17035
107153
98963
524948
662
336536
17049
98977
676
4244160
336578
303811
312008
49865
6292171
336592
17112
8922
732
6292192
739
746
33571584
303874
107272
17161
99082
66315
781
303888
99089
788
99096
795
33555232
802
816
336704
858
304000
99208
907
928
1098752
861186
7078915
74757
861200
74771
312344
74778
50332699
74792
205888
140354
107587
42053
574536
312393
50250
74827
50332748
140368
42067
107608
74841
42074
787553
1124
42088
173184
107650
533635
9349
541832
50313
17546
42123
107664
99474
525459
1173
74904
42137
9370
99488
1187
9384
312512
74946
50332867
50376
17609
9419
74960
50332888
9433
1243
1257
107776
42242
9475
17672
787721
1292
42256
1299
9496
1313
75072
9545
1369
42368
837120
312834
624131
2393605
312848
19138067
108056
99866
525851
1565
99880
1579
6309440
17987
312904
108105
75338
50333259
9804
1614
304728
99929
1628
788064
525921
1635
1649
312960
2393731
50824
18057
42634
788113
525970
1684
99992
1691
1698
108224
788162
9923
1733
18120
100041
9930
1740
100048
1747
33556184
1754
1761
1768
304896
788232
4196105
1803
1810
1817
1824
100160
1859
10056
1880
1929
33605632
51202
75779
51216
75800
4212800
18498
43075
624712
75849
100426
10315
2125
18512
43096
2139
33556576
2146
2160
51328
10371
18568
43145
788624
10385
2195
10392
2209
75968
100552
10441
2251
2265
2272
43264
33556744
2314
2321
2328
2440
313856
788995
6294040
2587
76360
789065
2636
2657
43656
2706
6294208
2755
10952
2776
2825
52224
19520
789576
3147
3168
3217
3336
74219520
44859392
41189376
40673280
40666112
40665090
28114944
24444928
23986176
23921664
23920642
72126464
42766336
39096320
38580224
38573056
38572048
38572034
55382016
26021888
22351872
21893120
21835776
21828608
21827600
21827586
38637568
9277440
5607424
5148672
5083152
5083138
53288960
23928832
20258816
19800064
19742720
19734544
19734530
36544512
3514368
3055616
2998272
2990096
2990082
71864832
42504704
38834688
38318592
38311424
38310528
38310416
38310402
55120384
25760256
22090240
21631488
21574144
21566976
21566080
21565968
21565954
38375936
9015808
5345792
4887040
4821632
1421312
4821520
6402050
634883
4821506
6303749
53027328
23667200
19997184
19538432
19481088
19473920
19473024
19472912
19472898
36282880
50442256
6922752
3252736
50343955
2793984
2736640
2728576
2728464
634904
2728450
6303770
77851
34189824
299037
4829696
1159680
700928
635520
635408
635394
52765696
23405568
19735552
19276800
50343976
19219456
19212288
12331
19211280
19211266
36021248
6661120
2991104
2532352
2475008
2466832
2466818
33928192
4568064
898048
439296
176712
6341696
71832128
42472000
38801984
38285888
38278720
38277824
38277712
38277698
55087680
25727552
22057536
21598784
21541440
21534272
634953
21533376
798795
4206668
21533264
299086
21533250
38343232
8983104
5313088
4854336
4789824
4788928
4788816
4788802
52994624
798809
23634496
19964480
299100
19505728
19448384
19441216
19440320
33566817
19440208
299107
19440194
36250176
6890048
3220032
2761280
2703936
2696768
2695872
2695760
2695746
34157120
4796992
1126976
299121
668224
602816
602704
602690
52732992
23372864
19702848
19244096
19186752
19179584
19178688
19178576
19178562
35988544
50442368
6628416
2958400
50344067
2499648
2442304
2435136
2434240
2434128
2434114
33895488
4535360
865344
6394952
342080
341184
6362248
148096
536722
33633856
299156
4273728
603712
50431616
6303896
79552
402000
12443
2560576
52700288
23340160
19670144
19211392
19154048
299170
19146880
19145984
19145858
35955840
6595712
2925696
2466944
2409600
2402432
2401536
2401410
33862784
4502656
832640
6394441
309376
1188352
115392
33601152
4241024
571008
39859712
46848
23429193
71828040
42467912
38797896
38281800
38274632
4305088
38273736
798914
307395
38273624
299205
38273610
55083592
25723464
6303945
22053448
21594696
299212
21537352
21530184
21529288
798928
21529176
21529162
299219
38339144
8979016
5309000
4850248
78040
4785736
299226
4784840
4784728
4784714
52990536
23630408
19960392
299233
19501640
19444296
19437128
19436232
19436120
19436106
12520
36246088
6885960
3215944
2757192
2699848
2692680
2691784
2691672
2691658
34153032
4792904
1122888
664136
606792
598728
598616
598602
52728904
23368776
19698760
19240008
19182664
19175496
19174600
19174488
19174474
35984456
6624328
2954312
2495560
2438216
2431048
33566985
2430152
299275
2430040
2430026
33891400
4531272
861256
402504
12562
345160
337992
337096
336984
336970
33629768
299289
4269640
599624
83528
75464
75352
52696200
23336072
19666056
19207304
19149960
19142792
19141896
19141784
19141770
35951752
6591624
2921608
2462856
2405512
2398344
2397448
2397336
2397322
33858696
4498568
828552
369800
312456
305288
304392
304280
304266
33597064
4236936
566920
42760
42648
33564360
6304064
4204232
52692112
299331
23331984
19661968
19203216
19145872
19138704
19137808
19137696
35947664
6587536
2917520
2458768
2401424
2394256
2393360
2393248
33854608
4494480
824464
365712
308368
12632
301200
300304
300192
33592976
4232848
562832
2490569
38274240
39944265
13577
33560272
4200144
2430656
40730624
50954313
71827529
42467401
38797385
38281289
38274121
38273225
38273113
38273099
55083081
25722953
22052937
21594185
21536841
21529673
21528777
962560
21528665
897026
176131
21528651
798725
38338633
8978505
5308489
4849737
4785225
4784329
4784217
4784203
52990025
23629897
897040
19959881
12681
19501129
798739
19443785
19436617
19435721
19435609
176152
19435595
798746
163867
36245577
19136541
6885449
3215433
2756681
2699337
2692169
2691273
2691161
2691147
34152521
4792393
798760
1122377
663625
299051
606281
598217
598105
598091
52728393
23368265
19698249
19239497
19182153
19174985
19174089
19173977
19173963
35983945
6623817
2953801
2495049
2437705
2430537
2429641
2429529
2429515
33890889
4530761
860745
401993
344649
337481
336585
176201
336473
110667
536652
336459
786510
33629257
4269129
599113
140361
83017
57417728
52695689
23335561
110681
19665545
19206793
786524
19149449
19142281
19141385
19141273
536673
19141259
98403
8292
35951241
6591113
2921097
2462345
2405001
2397833
2396937
2396825
2396811
33858185
4498057
786545
828041
369289
311945
304777
303881
303769
303755
33596553
4236425
566409
107657
23433792
6402176
42249
3019328
6303875
33563849
4203721
74953
4592200
50532864
52691601
23331473
19661457
19202705
930304
19145361
922114
143875
19138193
823813
77970
19137297
12436
19137185
19137171
35947153
110744
6587025
2917009
299163
922128
2458257
2400913
50369043
2393745
2392849
2392737
2392723
143896
12450
823834
561691
33854097
37405
4493969
823953
365201
307857
300689
299793
299681
299667
33592465
4232337
823848
562321
103569
37419
19239504
4993097
143945
33956416
6820489
33559761
4199633
70865
397898
788057
50442816
111752
4330568
33555673
66777
136280
176320
40633856
110786
4206787
897600
50430552
889410
111171
786629
2396741
99600
52691090
635464
201289
799306
4207179
102988
12877
37454
23330962
889424
110793
19660946
50336339
19202194
6291660
19144850
19137682
111192
135769
791130
12891
37468
4701
19136786
110800
33567328
103009
299618
37475
19136674
19136660
786643
35946642
791144
6586514
2916498
4715
2457746
106712
2400402
6291674
299632
37489
8411
2393234
2392338
2392226
2392212
98529
33853586
4493458
823442
364690
307346
786664
300178
299282
6427264
33591954
4231826
6328963
561810
103058
39847056
2490457
90182208
111241
29622345
103051
4199052
70354
4750
33559250
4199122
537233
45714
12947
37524
6296329
7127040
20451904
6328984
103065
39846034
37531
4764
6296203
33555162
66266
7377472
529057
37538
4771
6291730
6300305
105414656
76054528
72384512
71868416
4206857
71861248
98571
8460
71860352
71860240
88670208
4785
59310080
55640064
55116800
55115904
55115792
103321600
73961472
98585
70291456
69832704
69775360
69768192
69767296
69767184
144064
65825
135874
4231875
86577152
37573
57217024
53547008
6304456
135881
53030912
299723
37580
53023744
53022848
53022736
135888
84484096
13010
37587
4820
55123968
51453952
50995200
103128
50937856
37594
4827
50929792
50929680
103059968
73699840
13024
37601
4834
70029824
69571072
69513728
69506560
69505664
37608
69505552
86315520
56955392
53285376
52769280
52762112
52761216
110912
52761104
84222464
50331971
54862336
51192320
50733568
50676224
50669056
50668160
50668048
83960832
54600704
50930688
50471936
50414592
111360
50407424
791298
70403
50406416
4869
103027264
73667136
4207368
103177
299786
37643
4876
69997120
69538368
69481024
103184
13073
37650
4883
69473856
98648
69472960
69472848
33559320
37657
4890
86282816
56922688
53252672
52736576
52729408
52728400
4897
84189760
54829632
51159616
50700864
50643520
50636352
4904
50635456
50635344
83928128
54568000
50897984
50439232
50381888
50374720
50373824
50373712
83895424
54535296
50865280
50406528
50349184
50342016
50341120
103023176
73663048
69993032
69534280
69476936
69469768
136000
69468872
69468760
37699
86278728
56918600
53248584
52732488
52725320
52724424
52724312
84185672
98697
54825544
51155528
50696776
50639432
50632264
4946
50631368
50631256
83924040
54563912
50893896
37720
50435144
50377800
50370632
50369736
50369624
83891336
54531208
50861192
50402440
50345096
50337928
50337032
50336920
83887248
54527120
50857104
50398352
50341008
50333840
50332944
50332832
103022665
73662537
69992521
69533769
69476425
69469257
69468361
69468249
86278217
56918089
53248073
52731977
52724809
52723913
52723801
84185161
54825033
51155017
103296
50696265
50638921
4995
50631753
50630857
50630745
83923529
299912
37769
54563401
50893385
50434633
50377289
50370121
50369225
50369113
83890825
54530697
50860681
50401929
50344585
50337417
50336521
5016
50336409
83886737
54526609
50856593
50397841
50340497
50333329
50332433
50332321
83886226
54526098
50856082
50397330
50339986
50332818
50331922
50331810
59281408
29921280
26251264
25792512
25728000
25727104
25726978
42536960
13176832
9506816
9048064
8983552
8982656
8982530
40443904
11083776
7413760
6955008
6889600
6889474
59019776
29659648
25989632
25530880
25473536
25466368
25465472
25465346
42275328
12915200
213504
9245184
147970
573955
8786432
135685
8729088
8721920
8721024
8720898
40182272
10822144
7152128
6693376
6628864
6627968
147984
6627842
39920640
135699
10560512
6890496
6431744
6374400
573976
6367232
135706
102939
6366210
58987072
29626944
25956928
25498176
25440832
25433664
25432768
25432642
42242624
12882496
135720
9212480
8753728
8696384
8689216
8688320
8688194
40149568
10789440
7119424
6660672
6596160
6595264
6595138
39887936
10527808
6857792
51131392
6399040
373762
50344963
6334528
6333632
6333506
39855232
180800
10495104
115266
541251
6825088
791109
6366336
6308992
373776
115273
111178
537163
45644
787021
6301824
115280
50344984
6300928
6300802
13339
791123
58982984
29622856
25952840
25494088
541272
103002
70235
25436744
25429576
537184
45665
98914
8803
25428680
25428554
42238536
103016
12878408
9208392
8749640
8692296
8685128
8684232
98928
8684106
40145480
10785352
7115336
6656584
6592072
6591176
6591050
39883848
10523720
6853704
406592
6337608
341058
6330440
6329544
135811
6329418
39851144
144456
6304841
136266
103499
300108
37965
10491016
6821000
341072
82569
6304904
529036
6297736
6296840
6296714
78481
824408
66196
10486928
37979
6816912
135832
6358160
6300816
103520
300129
37986
6293648
6292752
58982473
70305
25952329
25493577
25436233
25429065
25428169
25428043
42238025
12877897
9207881
38000
8749129
8691785
8684617
8683721
8683595
40144969
10784841
7114825
6656073
6591561
6590665
6590539
39883337
10523209
6853193
373888
6337097
308354
6329929
49858
103107
6329033
6328907
169096
39850633
103562
529547
111304
5261
10490505
13003
537744
46225
13458
38035
6361737
6304393
49872
6297225
103576
39846545
10486417
5275
6816401
45784
6357649
6293137
70816
38049
5282
6292241
6292115
99040
10485906
6815890
6357138
6299794
6292626
6291604
109314048
79953920
76283904
75825152
5296
75767808
75760640
75759744
92569600
63209472
59539456
59023360
59016192
59015296
90476544
61116416
57446400
56987648
56923136
56922240
6304960
90214912
82688
300227
60854784
17154
13059
57184768
136392
56726016
56668672
38091
78600
45833
13066
8971
56661504
13521
56660608
5331
17168
60822080
57152064
56693312
300248
70424
56635968
56628800
56627904
90178120
66336
60817992
38112
5345
57147976
56689224
56631880
56624712
56623816
90177609
60817481
57147465
56688713
56631369
56624201
56623305
53514752
24154624
20484608
20025856
19968512
19960336
19960322
36770304
7410176
3740160
3281408
3224064
3215888
3215874
49984
34677248
5317120
1647104
308480
1131008
1122832
1122818
34415616
5055488
1385472
926720
103688
300297
38154
5387
869376
51183689
51123776
53482048
13584
38161
24121920
19993152
19935808
19928640
19927632
19927618
38168
36737600
3707456
3248704
3191360
3184192
3183184
3183170
5408
34644544
5284416
1614400
1155648
1098304
1091136
1090128
1090114
34382912
5022784
1352768
894016
836672
828496
828482
34350208
4990080
1320064
861312
803968
796800
795778
53477960
24117832
20447816
19989064
19931720
19924552
19923544
19923530
36733512
17280
7373384
3703368
3244616
3187272
3180104
3179096
13192
3179082
34640456
5280328
1610312
1151560
1094216
1087048
1086040
1086026
5457
34378824
5018696
1348680
889928
832584
824394
34346120
4985992
1315976
857224
799880
868928
791704
791690
34342032
4981904
1311888
853136
795792
787616
53477449
24117321
20447305
19988553
19931209
19924041
19923033
19923019
36733001
7372873
3702857
3244105
3186761
3179593
3178585
3178571
34639945
5279817
1609801
1151049
1093705
1086537
1085529
1085515
34378313
5018185
1348169
889417
832073
823897
34345609
4985481
1315465
856713
38280
799369
19234891
791193
791179
34341521
4981393
1311377
852625
795281
787105
787091
34341010
4980882
1310866
852114
794770
787602
786594
786580
103809024
74448896
70778880
70320128
70262784
70255616
70254608
87064576
57704448
54034432
53518336
53511168
53510160
84971520
55611392
51941376
51482624
51425280
51418112
51417104
84709888
55349760
51679744
51220992
51163648
51155472
84677184
55317056
51647040
51188288
7091200
51130944
6304771
51122768
84673096
55312968
51642952
51184200
51126856
51119688
51118680
84672585
55312457
51642441
51126345
51119177
51118169
59768832
30408704
26738688
6304792
26279936
6292507
26222592
26215424
26214402
43024384
13664256
9994240
9535488
9478144
9470976
9469954
40931328
11571200
7901184
7442432
7377920
7376898
40669696
11309568
7639552
7180800
7123456
7115266
40636992
11276864
7606848
7148096
7090752
6689344
7082562
40632904
11272776
7602760
7144008
7086664
7079496
148544
7078474
50243
40632393
11272265
7602249
115784
799817
46155
6292556
7143497
7086153
4306432
7078985
6305282
308739
7077963
300549
90963968
61603840
57933824
57475072
50264
57410560
71925760
42565632
38895616
46176
800272
13409
38436864
300563
38379520
38371456
38371344
38371330
308760
55181312
300570
38427
25821184
22151168
21692416
21635072
21627008
21626896
21626882
53088256
23728128
20058112
19599360
19542016
300584
19533952
19533840
19533826
52826624
23466496
19796480
19337728
19280384
115840
19272320
74883
19272208
19272194
52793920
83080
70795
19763776
19305024
19247680
78992
66707
19239490
36049472
7083584
17560
79426
792131
2503232
2495056
2495042
13472
6305352
4208201
4596288
13899
38476
926272
467520
410176
79440
401986
33694784
4334656
664640
33662080
4301952
631936
792152
300633
52789832
5723
23429704
19759688
19300936
19243592
300640
38497
19235528
19235416
19235402
36045384
6685256
3015240
2556488
799936
2499144
6292675
2491080
2490968
2490954
33952328
922184
463432
406088
398024
397912
33690696
660552
201800
6292696
33657992
4297864
627848
33653904
4293776
623760
165008
6305408
52789321
46722
300675
19759177
19300425
19243081
19235017
19234905
792201
36044873
6684745
5772
3014729
2555977
2498633
46736
13969
38546
2490443
33951817
4591689
921673
462921
300696
50432
405577
397513
397401
397387
33690185
46344
38560
5793
4330057
660041
135755
33657481
4297353
627337
168585
33653393
4293265
623249
164497
33652882
4292754
622738
163986
103120896
73760768
70090752
69632000
69574656
69566592
69566480
86376448
57016320
53346304
52887552
52830208
52822144
52822032
84283392
33568448
54923264
300738
38595
51253248
50794496
50737152
50729088
50728976
300745
84021760
54661632
50991616
50475520
50467456
50467344
300752
83989056
5842
54628928
50958912
50500160
50434640
83984968
38616
54624840
50954824
50496072
50438728
50430664
83984457
54624329
5856
50495561
50438217
50430153
50430041
59080704
29720576
26050560
25591808
25534464
25526400
25526274
42336256
12976128
9306112
8847360
8790016
8781952
8781826
40243200
10883072
7213056
6754304
6688896
6688770
39981568
10621440
6951424
6492672
6435328
6427138
39948864
792320
10588736
6918720
5891
6459968
6402624
6394434
39944776
300808
38665
10584648
6914632
6455880
6398536
6390472
6390346
38672
10584137
6914121
6455369
6398025
6389961
6389835
90275840
5912
60915712
57245696
56786944
56729600
56721536
53575680
24215552
20545536
20086784
20029440
20021264
20021250
36831232
7471104
3801088
3342336
3284992
3276816
3276802
34738176
5378048
1708032
1249280
1191936
1183760
1183746
34476544
5116416
1446400
987648
34443840
5083712
1413696
954944
34439752
5079624
1409608
950856
893512
300864
885336
885322
34439241
5079113
1409097
950345
893001
884825
884811
84770816
55410688
51740672
51281920
51224576
51216400
5968
11370496
7700480
7241728
7184384
7176194
71839744
42479616
38809600
38286336
38285440
38285328
38285314
55095296
25735168
22065152
21606400
21541888
21540992
21540880
21540866
38350848
8990720
5320704
4861952
4797440
4796544
4796432
4796418
53002240
23642112
19972096
19513344
19448832
19447936
19447824
19447810
36257792
6897664
3227648
2768896
2704384
2703488
2703376
2703362
52740608
23380480
19710464
19251712
636416
19187200
112130
108035
19186304
13829
19186192
19186178
35996160
6636032
2966016
2507264
2442752
2441856
2441744
2441730
112144
52707904
23347776
787987
19677760
19219008
19154496
19153600
538136
19153488
13850
9755
19153474
35963456
6603328
2933312
2474560
2410048
2409152
2409040
2409026
52703816
23343688
13864
19673672
19214920
19150408
19149512
19149386
35959368
6599240
2929224
2470472
2405960
2405064
2404938
33866312
4506184
836168
33604680
4244552
804416
51272
33571976
6297155
4211848
6301768
800328
538185
33567888
6293067
4195916
4207760
6301257
52703305
23343177
19673161
19214409
19149897
19149001
18008
13913
19148889
19148875
35958857
6598729
13920
9825
2928713
2469961
2405449
2404553
2404441
2404427
33865801
4505673
835657
33604169
4244041
50761
49739
33571465
4211337
69481472
33567377
4207249
52736128
112256
33566866
4206738
99971
103034880
73674752
70004736
69545984
69480576
69480464
86290432
56930304
53260288
52737024
9874
52736016
84197376
54837248
51167232
13976
50708480
50643968
50643072
50642960
145408
83935744
137218
4233219
54575616
38917
50905600
50446848
50382336
50381440
50381328
83903040
54542912
50872896
50414144
50349632
137232
50348736
50348624
38931
83898952
54538824
50868808
50410056
33593368
50345544
38938
50344648
83898441
54538313
50868297
50409545
50345033
50344137
50344025
58994688
29634560
25964544
25505792
25441280
38952
4208320
25440384
14018
25440258
42250240
12890112
9220096
14025
8761344
8696832
8695936
8695810
40157184
14032
10797056
6668288
6603776
6602880
6602754
9944
39895552
10535424
6865408
112704
6406656
104514
14403
6342144
6213
6341122
39862848
4208712
47177
14410
38987
10502720
6832704
6373952
6308544
104528
6308418
39858760
6227
10498632
6828616
6369864
6304330
530520
39001
6234
39858249
10498121
6828105
6369353
6303819
39008
90189824
60829696
57159680
56700928
56636416
56635520
53489664
6248
24129536
18176
20459520
20000768
19936256
19935248
19935234
36745216
14088
9993
7385088
3715072
3256320
3191808
3190800
3190786
34652160
5292032
1622016
1163264
1097744
1097730
34390528
137344
5030400
1360384
39043
901632
34357824
4997696
1327680
792712
14473
34353736
6283
4993608
1323592
864840
34353225
14480
39057
1323081
864329
84684800
55324672
51654656
51195904
39064
6297
51130384
40644608
11284480
7614464
7155712
7090178
6304
52801536
23441408
14144
19771392
19312640
19247232
19247120
19247106
36057088
6696960
3026944
2568192
2502784
2502672
2502658
33964032
4603904
933888
33702400
4342272
33669696
4309568
33665608
4305480
33665097
4304969
83996672
54636544
50966528
50507776
39956480
33593536
10596352
39106
6339
6926336
6467584
34451456
5091328
14536
39113
71828992
42468864
38798848
38282752
38275584
38274688
39120
6353
38274576
38274562
55084544
25724416
22054400
21538304
6360
21531136
21530240
21530128
21530114
38340096
8979968
5309952
4786688
4785792
4785680
4785666
52991488
23631360
19961344
19445248
19438080
19437184
19437072
19437058
36247040
6886912
3216896
2700800
2693632
2692736
2692624
2692610
34153984
4793856
1123840
607744
600576
599680
599568
599554
52729856
23369728
19699712
19183616
33560832
19176448
6402
19175552
19175440
19175426
35985408
6625280
39176
6409
2955264
2439168
2432000
2431104
2430992
2430978
6416
33892352
4532224
862208
346112
338944
338048
337936
337922
52697152
23337024
19667008
19150912
19143744
19142848
19142736
19142722
35952704
6592576
2922560
2406464
2399296
2398400
2398288
2398274
33859648
4499520
829504
313408
306240
305344
305232
305218
52693064
23332936
19662920
19146824
19139656
19138760
19138648
19138634
35948616
6588488
2918472
2402376
2395208
2394312
2394200
39232
2394186
33855560
4495432
825416
309320
302152
301256
301144
301130
52692553
23332425
19662409
19146313
19139145
19138249
19138137
35948105
6587977
2917961
2401865
2394697
2393801
2393689
33855049
4494921
824905
308809
301641
33593417
4233289
563273
4245504
50858056
563203
299744
788554
50333385
33560713
4200585
530569
6294600
50696216
108616
56625664
33556625
4196497
526481
6294089
50377240
624201
19924496
563224
33556114
4195986
6304512
103024128
73664000
69993984
69477888
69470720
69469824
69469712
86279680
6528
56919552
53249536
52733440
52726272
52725376
52725264
84186624
54826496
51156480
50640384
50633216
50632320
50632208
83924992
54564864
50894848
50378752
50371584
50370688
50370576
83892288
54532160
50862144
50346048
50338880
542784
50337984
4200515
50337872
83888200
54528072
538696
4196427
50341960
50334792
50333896
50333784
83887689
54527561
50857545
50341449
50334281
33560664
50333273
58983936
29623808
25953792
526432
25437696
25430528
25429632
25429506
42239488
12879360
9209344
8693248
8686080
8685184
8685058
40146432
10786304
7116288
6593024
6592128
6592002
39884800
10524672
6854656
6338560
6331392
6330496
6330370
39852096
10491968
6821952
6305856
6298688
6297792
6297666
39848008
10487880
6817864
6293704
6293578
39847497
10487369
6817353
6293193
90179072
60818944
57148928
56632832
56624768
53478912
24118784
20448768
19932672
19925504
19924482
36734464
7374336
3704320
3188224
3181056
3180048
3180034
34641408
5281280
1611264
1095168
1088000
1086992
1086978
34379776
5019648
1349632
833536
50430160
825360
825346
34347072
4986944
1316928
800832
50409664
792656
792642
801280
34342984
4233408
301571
4982856
1312840
796744
788568
34342473
4982345
1312329
796233
84674048
55313920
51643904
51127808
51120640
51119632
11273728
7603712
7087616
7080448
7079426
52790784
301592
23430656
19760640
19244544
19236480
19236368
19236354
36046336
6686208
3016192
2500096
2492032
2491920
2491906
33953280
4593152
923136
407040
398976
398864
398850
33691648
4331520
661504
33658944
4298816
628800
4200704
104640
33654856
4294728
4196616
100440
33654345
4294217
99915
83985920
54625792
50955776
50439680
80448
50431504
39945728
10585600
6915584
6399488
6391424
6391298
34440704
14921
5080576
1410560
894464
886288
886274
52704768
23344640
19674624
19151360
19150464
19150352
19150338
575488
35960320
47107
6600192
110597
2930176
2406912
2406016
2405904
2405890
33867264
4507136
110611
6304344
2692288
47128
33572928
110618
106523
6291485
103170
1311328
18624
42467520
800258
33568840
34340961
369408
110632
19138123
33568329
50331691
70284
4211456
6357068
73662467
83899904
54539776
50869760
50346496
50345600
50345488
47744
10499584
6829568
6306304
34354688
4994560
1324544
530499
33666560
19661387
4493899
526411
77900
98382
71827648
38281408
39568
38273344
38273232
38273218
55083200
14424
25723072
98396
21594304
21536960
21529792
10336
77921
12387
65636
21528896
21528784
21528770
38338752
8978624
4849856
4785344
4784448
4784336
12401
4784322
52990144
23630016
19501248
19443904
19436736
19435840
19435728
19435714
36245696
6885568
2756800
2699456
2691392
2691280
110723
2691266
34152640
4792512
663744
606400
599232
598336
15040
598224
598210
52728512
23368384
19239616
19182272
19175104
19174208
19174096
19174082
35984064
6623936
2495168
50331803
2437824
6864
2429760
2429648
2429634
33891008
4530880
402112
344768
337600
33629376
4269248
140480
83136
33568280
115224
52695808
23335680
19206912
19149568
19142400
19141504
19141392
19141378
35951360
6591232
2462464
2405120
2397952
2397056
47296
2396944
78019
2396930
98501
33858304
4498176
312064
98508
33596672
4236544
98515
6299864
33566936
33855000
98522
19138200
52691720
23331592
12513
19202824
19145480
19138312
19137416
19137304
98536
19137290
35947272
6587144
2458376
2401032
50334211
2393864
2392968
2392856
2392842
33854216
4494088
365320
307976
299800
33592584
4232456
14592
786650
789016
52691209
23331081
19202313
10504
78089
12555
65804
19144969
19137801
19136905
19136793
19136779
35946761
6586633
2457865
2400521
12569
2393353
2392457
2392345
2392331
33853705
4493577
8481
364809
307465
299401
33592073
4231945
299352
19174040
103022784
73662656
69533888
69476544
69469376
69468480
69468368
86278336
56918208
52732096
52724928
52724032
52723920
84185280
54825152
50696384
6291779
50639040
50631872
50630976
50630864
83923648
54563520
50434752
50377408
50370240
50369344
50369232
83890944
54530816
50402048
50344704
50337536
50336640
50336528
83886856
54526728
50397960
50340616
50333448
50332552
50332440
83886345
54526217
50397449
50340105
50332937
50332041
50331929
58982592
29622464
25493696
25436352
25429184
25428288
25428162
42238144
12878016
8749248
8691904
8684736
8683840
8683714
40145088
10784960
6656192
6591680
6590784
6590658
39883456
10523328
6394560
6337216
6330048
6329152
6329026
39850752
10490624
6361856
6297344
6296448
6296322
39846664
10486536
6357768
6300424
6293256
6292360
6292234
39846153
10486025
6357257
6299913
6292745
6291723
90177728
60817600
56688832
56631488
56624320
56623424
53477568
24117440
19988672
19931328
19924160
19923152
19923138
36733120
7372992
3244224
3186880
3179712
3178704
3178690
34640064
5279936
1151168
1093824
1086656
1085648
1085634
789184
34378432
5018304
889536
832192
825024
824016
824002
34345728
4985600
856832
799488
791312
34341640
4981512
852744
795400
787224
787210
34341129
4981001
852233
794889
84672704
55312576
51183808
51126464
51119296
51118288
40632512
11272384
7143616
7086272
7079104
7078082
52789440
23429312
19300544
19243200
19235136
19235024
19235010
36044992
6684864
2556096
2498752
2490688
2490576
2490562
33951936
4591808
463040
405696
397632
397520
397506
33690304
4330176
201408
33657600
4297472
168704
33653512
4293384
6294019
164616
49669
33653001
4292873
164105
83984576
54624448
49683
50495680
50438336
50430272
826368
14872
39944384
39939
49690
45595
10584256
6455488
6398144
6390080
6389954
34439360
5079232
950464
893120
884944
884930
49704
52703424
23343296
19214528
19150016
19149120
19149008
39960
19148994
35958976
6598848
2470080
2405568
2404672
2404560
2404546
33865920
4505792
33604288
50880
82499
19141224
102981
100034
4982464
2699288
78411
98893
55312387
598042
2691224
102995
33567496
1122328
11272195
82520
50438168
16986
528987
606232
78432
12898
524899
2394648
83898560
17000
54538432
793664
50345152
50344256
7235
50344144
39858368
12912
10498240
15432
40009
6369472
6303938
34353344
4993216
864448
33665216
49795
52692672
23332544
19146432
19139264
19138368
19138256
19138242
7256
12940
35948224
6588096
2401984
2394816
2393920
2393808
8852
2393794
33855168
49816
4495040
308928
301760
12961
2404504
19146264
2401816
33556233
7602179
663576
2393619
3014659
83887808
54527680
50341568
50334400
50333504
50333392
39847616
10487488
6301376
6293312
6293186
34342592
45763
796352
788176
33654464
4294336
99019
6296133
6914051
56631299
6300235
71827480
38797336
38281240
7305
38274072
38273176
38273064
38273050
55083032
22052888
21594136
21536792
21529624
21528728
21528616
21528602
38338584
5308440
4849688
4792344
4785176
4784280
4784168
4784154
52989976
19959832
19501080
19443736
19436568
19435672
19435560
19435546
36245528
3215384
2756632
2692120
4199171
2691112
2691098
34152472
4195083
598168
598056
52728344
19698200
19239448
19182104
19174936
13080
19173928
19173914
35983896
2953752
8992
2495000
2437656
2430488
2429592
40128
2429480
2429466
33890840
860696
401944
344600
337432
33629208
599064
140312
82968
3179544
56624152
52695640
19665496
19206744
19149400
19142232
19141336
19141210
35951192
2921048
2462296
2404952
2397784
2396888
2396776
2396762
33858136
827992
369240
311896
303832
33596504
566360
42200
19234968
40632344
33563800
533656
98417
6389912
83984408
52691552
19661408
19202656
19145312
19138144
19137248
19137136
19137122
35947104
2916960
2458208
2400864
2393696
2392800
2392688
2392674
33854048
823904
365152
307808
7424
33592416
562272
6357579
2490408
7077914
33559712
529568
884762
50429992
52691041
19660897
19202145
19144801
19137633
19136737
19136625
19136611
35946593
2916449
2457697
2400353
2393185
2392289
2392177
2392163
33853537
823393
364641
307297
33591905
561761
33559201
8691715
103022616
69992472
69533720
69476376
69469208
69468312
69468200
86278168
53248024
52731928
52724760
52723864
52723752
84185112
51154968
50638872
50631704
50630808
50630696
83923480
50893336
50434584
50370072
50369176
50369064
83890776
50860632
50401880
50344536
50337368
50336472
50336360
83886688
50856544
50397792
50340448
50333280
50332384
50332272
83886177
50856033
50397281
50339937
50332769
50331873
58982424
25952280
25493528
25436184
25429016
25428120
25427994
42237976
9207832
8749080
8691736
8684568
8683672
8683546
40144920
7114776
6656024
6598680
6591512
6590616
6590490
39883288
6853144
6394392
6337048
6329880
6328858
39850584
6820440
6361688
6297176
6296280
799747
6296154
39846496
6816352
6357600
6300256
6293088
6292066
39845985
6815841
6357089
6299745
6292577
6291555
90177560
57147416
56688664
799768
56631320
787483
56623256
53477400
20447256
19988504
19931160
19923992
19922984
19922970
36732952
3702808
3244056
3186712
3178536
3178522
34639896
1609752
1151000
1093656
1086488
1085480
1085466
34378264
1348120
889368
832024
34345560
1315416
856664
799320
34341472
852576
795232
1310817
852065
787532
794721
84672536
51642392
51183640
51126296
51119128
51118120
7602200
7143448
7086104
7078936
52789272
19759128
19300376
19243032
19234856
19234842
36044824
3014680
2555928
2498584
2490520
2490394
33951768
921624
462872
405528
397464
397352
397338
33690136
659992
201240
33657432
627288
168536
17539
33653344
623200
164448
13451
33652833
622689
9363
163937
50954264
50495512
50430104
39944216
6914072
6455320
6397976
6389786
34439192
1409048
950296
892952
884776
52703256
19673112
536603
19214360
786461
19149848
19148952
19148840
19148826
35958808
2928664
2469912
2405400
2404392
787651
2404378
33865752
786475
835608
50712
6304323
6292045
6296259
787672
10486347
4297283
6291534
13388
12366
6828056
299240
33665048
6369304
83898392
50868248
50409496
12380
50344088
39858200
34353176
1323032
864280
52692504
19662360
19139096
19138088
19138074
35948056
2917912
2393752
2393640
2393626
824856
6291611
33556065
69468291
6816331
627267
60817411
83887640
50857496
50341400
50334232
50333336
50333224
39847448
6817304
6301208
6293144
6293018
34342424
1312280
796184
788008
787994
33654296
624152
299597
50401859
823827
13507
50397260
12485
50337347
52691160
19202264
19144920
19137752
12492
19136856
19136744
19136730
35946712
2457816
2400472
12499
2393304
2392408
2392296
13528
33853656
12506
364760
307416
33592024
2928643
19136835
115203
2405379
835587
2393283
17091
312323
19145291
25722883
83886296
50397400
50340056
50331992
39846104
6357208
34341080
852184
794840
33652952
23368195
19923971
4329987
19138179
623179
201219
42467331
38797315
38338563
38281219
38274051
38273155
38273043
38273029
22052867
21594115
21536771
21529603
21528707
21528595
21528581
8978435
5308419
4849667
4785155
4784259
4784147
4784133
23629827
19959811
19501059
98627
19443715
19436547
19435651
19435539
19435525
6885379
3215363
2756611
2699267
2692099
2691203
2691091
2691077
4792323
1122307
663555
606211
598147
598035
598021
19698179
19239427
19182083
19174915
19174019
19173907
19173893
6623747
2953731
2494979
2437635
2430467
2429571
2429459
2429445
4530691
860675
401923
344579
337411
4269059
599043
140291
82947
23335491
19665475
19206723
19149379
19142211
19141315
19141203
19141189
6591043
2921027
2462275
2404931
2397763
2396867
2396755
4497987
827971
369219
311875
304707
303699
303685
4236355
566339
42179
4203651
23331403
19202635
4208131
19137227
6292997
19137115
19137101
6586955
2916939
2458187
2400843
2393675
2392779
2392667
823883
365131
50333203
307787
300619
299611
4232267
562251
4199563
4195475
23330892
19660876
19202124
19144780
19137612
19136716
19136604
19136590
6586444
2916428
2457676
2400332
2393164
2392268
2392156
4493388
823372
364620
307276
4231756
561740
1150979
788043
525900
884741
1315395
1086467
4194964
889347
19148931
852555
69992451
69533699
69476355
69469187
69468179
56918019
53248003
52789251
52731907
52724739
538115
52723843
787973
52723731
54824963
51154947
50696195
50638851
50631683
50630787
50630675
54563331
50893315
50434563
50377219
50370051
99859
50369155
54530627
50860611
50344515
50336451
50333315
54526539
50856523
50397771
50340427
50332363
50332251
54526028
50856012
50339916
14851
99845
29622275
25952259
25493507
25436163
25428995
25428099
25427973
12877827
9207811
8749059
8684547
13843
8683651
8683525
10784771
7114755
6656003
6591491
6590595
6590469
98333
10523139
6853123
6394371
6337027
6329859
6328837
10490435
6820419
6361667
4196035
10485836
6815820
6299724
57147395
56688643
56624131
56623235
24117251
20447235
19988483
19931139
19922963
19922949
7372803
6293123
3702787
3244035
3186691
3179523
3178515
3178501
5279747
1609731
1093635
1085459
1085445
5018115
1348099
832003
4985411
856643
799299
4981323
1311307
795211
787035
4980812
1310796
852044
794700
13955
51642371
51183619
51126275
51119107
51118099
7143427
7086083
7077893
23429123
19759107
19300355
19243011
19234947
19234835
19234821
6684675
2555907
2498563
2490499
98459
2490387
2490373
4591619
921603
462851
405507
397443
397331
397317
659971
168515
4293195
164427
4292684
622668
163916
54624259
50954243
50495491
50438147
50430083
50429971
10584067
6455299
6397955
6389891
6389765
5079043
1409027
950275
892931
884755
23343107
19673091
19214339
19149827
19148819
19148805
6598659
2469891
2404483
2404371
2404357
4505603
50691
54538243
50868227
50409475
10498051
6828035
6369283
4993027
1323011
864259
4304899
23332355
19662339
19146243
19139075
19138053
6587907
2917891
2401795
2394627
4494851
824835
12611
12317
98347
6817283
1312259
796163
54527491
50857475
50341379
10487299
6301187
4982275
4294147
23331011
19202243
19144899
19137731
19136723
19136709
6586563
2457795
2400451
2392275
2392261
4493507
364739
852163
54526147
50397379
50340035
10485955
6357187
6299843
4980931
794819
4292803
164035
19660827
19202075
19144731
19137563
19136667
19136555
2916379
2457627
2400283
2393115
823323
364571
307227
300059
851995
1310747
794651
50855963
50397211
50339867
6815771
6357019
6299675
