7188480
897027
897048
798747
897097
798796
798817
6291556
110738
6402240
798915
798936
299227
110857
6291724
786721
292
6439424
836099
836120
135707
6406720
50348611
6402632
836169
311883
135756
803416
6296155
799328
135777
6292067
37476
803465
791180
111249
49810
787092
103073
4772
836288
135875
17106
135896
13018
37595
803584
50336515
6304520
135945
50332427
37644
103192
4891
787232
37665
803
7152640
6366211
6366232
74779
926784
828483
148552
861257
136267
74828
828504
42075
136288
74849
37987
894080
50340995
115848
140425
17547
42124
111760
50321
74898
13459
38036
50341016
9371
791712
42145
5283
861376
74947
107721
9420
17617
42194
5332
74968
13529
38106
1244
9441
140544
42243
50440
75017
38155
9490
42264
5402
38176
1314
898560
50345475
112152
50333211
865856
79427
861768
112201
75339
6293068
79448
75360
13921
1636
145024
46723
140936
79497
42635
50832
75409
13970
38547
46744
42656
112320
6293187
108232
46793
9931
18128
42705
5843
14040
38617
1755
9952
79616
75528
14089
1804
10001
5913
1825
837632
825347
825368
38939
804928
6297667
800840
137289
6293579
38988
792664
6235
788576
39009
2147
43057152
40964096
24219648
38871040
22126592
5382144
40702464
23958016
38609408
84096
21864960
5120512
19771904
3027456
38347776
21603328
4858880
80008
104585
19510272
2765824
6284
672768
40669760
23925312
75920
100497
39058
38576704
2196
21832256
5087808
19739200
2994752
38315072
21570624
4826176
19477568
2733120
640064
19215936
2471488
6305
378432
38282368
21537920
4793472
19444864
2700416
607360
19183232
2438784
345728
40665672
23921224
38572616
21828168
5083720
149504
19735112
2990664
137219
38310984
21566536
4822088
19473480
2729032
635976
19211848
2467400
374344
38278280
21533832
137408
4789384
19440776
39107
2696328
603272
19179144
2434696
47304
341640
50967040
19146440
137240
2401992
308936
110619
43216
69468306
6354
38274192
21529744
4785296
19436688
2692240
39128
599184
2266
19175056
2430608
337552
69771840
19142352
2397904
304848
25764352
6590610
40665161
23920713
38572105
21827657
5083209
19734601
2990153
38310473
21566025
4821577
19472969
2728521
635465
19211337
2466889
373833
38277769
21533321
4788873
19440265
116800
2695817
602761
792643
19178633
2434185
341129
2397323
104704
112712
51273
6403
19145929
788555
110668
2401481
100616
39177
308425
2315
6889475
38273681
21529233
4784785
10512
19436177
2691729
598673
19174545
2430097
104536
337041
6424
50728963
19141841
2397393
304337
6333507
100448
110689
2336
401987
786532
19137753
2393305
300249
25428044
69566467
38273170
21528722
4784274
19435666
2691218
598162
19174034
2429586
336530
21530304
19141330
2396882
303826
795779
19137242
2392794
299738
313024
21528673
336481
74252288
72159232
55414784
70066176
53321728
71897600
55153152
69804544
53060096
18569
69542912
52798464
50705408
71864896
55120448
14481
53027392
50934336
69510208
52765760
50672704
50411072
69477504
52733056
50640000
50378368
71860808
55116360
69767752
53023304
50930248
69506120
52761672
50668616
50406984
69473416
52728968
50635912
50374280
50341576
69469328
52724880
50631824
50370192
50337488
71860297
55115849
69767241
53022793
50929737
69505609
52761161
50668105
50406473
69472905
52728457
50635401
50373769
50341065
51392
69468817
52724369
110787
50631313
50369681
50336977
50332889
52723858
50630802
50369170
50336466
50332378
26025984
9281536
9019904
6926848
25502720
8758272
6665216
25731648
110808
8987200
6291675
6894144
25470016
8725568
6632512
6370880
25437312
8692864
6599808
6338176
25727560
8983112
6890056
25465928
8721480
6628424
6366792
25433224
8688776
6595720
6334088
6301384
25429136
8684688
6591632
6330000
6297296
25727049
8982601
6889545
25465417
8720969
6627913
6366281
25432713
8688265
6595209
18688
6333577
6300873
25428625
8684177
6591121
6329489
14600
6296785
786700
6292697
25428114
8683666
6328978
6296274
6292186
76058624
59314176
57221120
75796992
59052544
56959488
56697856
75764288
59019840
56926784
56665152
98593
56632448
75760200
59015752
56922696
56661064
56628360
56624272
75759689
59015241
56922185
56660553
56627849
56623761
56623250
19997696
3253248
1160192
19964992
3220544
1127488
99104
19932288
3187840
1094784
833152
19960904
3216456
1123400
311372
19928200
3183752
1090696
829064
796360
19924112
3179664
1086608
824976
792272
19960393
3215945
1122889
56721600
19927689
3183241
1090185
828553
795849
19923601
3179153
1086097
824465
791761
787673
19923090
3178642
1085586
823954
791250
787162
70291968
53547520
51454464
51192832
70259264
53514816
51421760
51160128
51127424
70255176
53510728
51417672
51156040
51123336
51119248
70254665
53510217
51417161
51155529
51122825
51118737
51118226
26251776
9507328
7414272
75759808
26219072
9474624
7381568
7119936
7087232
26214984
9470536
7377480
7115848
7083144
7079056
26214473
9470025
7376969
7115337
7082633
7078545
7078034
76546048
59801600
57708544
57446912
57414208
57410120
57409609
40763392
38670336
38408704
38376000
21631552
19538496
19276864
19244160
2499712
406656
2691659
38371912
21627464
19534408
19272776
19240072
2495624
402568
19141771
8982531
19235984
2491536
398480
136848
104144
38371401
21626953
19533897
19272265
19239561
2495113
402057
18499
7079616
19235473
2491025
397969
136337
103633
99545
19234962
2490514
397458
135826
103122
99034
71958528
69865472
69603840
69571136
52826688
50733632
50472000
50439296
69567048
52822600
50729544
50467912
50435208
50431120
69566537
52822089
50729033
50467401
50434697
50430609
50430098
25825280
25563648
25530944
8786496
6693440
6431808
6399104
25526856
8782408
6689352
6427720
6395016
6390928
25526345
8781897
6688841
6427209
6394505
6390417
6389906
75857920
59113472
57020416
56758784
56726080
56721992
56721481
20058624
20025920
3281472
1188416
25526464
799496
20021832
3277384
1184328
922696
889992
885904
20021321
3276873
1183817
922185
934400
889481
885393
147971
884882
70352896
53608448
51515392
51253760
51221056
51216968
51216457
26312704
9568256
7475200
7213568
7180864
7176776
7176265
57507840
40677376
23932928
38584320
21839872
147992
5095424
38322688
49691
21578240
4833792
38289984
21545536
4801088
38285896
21541448
4797000
19448392
2703944
19186760
2442312
19154056
2409608
19149968
2405520
312464
50332308
6595139
38285385
21540937
4796489
19447881
2703433
19186249
2441801
19153545
2409097
19149457
2405009
311953
38274752
100105
2406080
19148946
2404498
901696
311442
798866
6308419
2991616
38279232
71872512
55128064
897608
148041
69779456
6304331
49740
53035008
69517824
52773376
69485120
52740672
69481032
52736584
50643528
50381896
50349192
50345104
115288
69480521
52736073
791131
50643017
50381385
50348681
50344593
111200
49761
50344082
787043
25739264
8994816
25477632
8733184
25444928
8700480
25440840
8696392
6603336
6341704
6309000
6304912
25440329
8695881
6602825
6341193
6308489
6304401
6303890
75771904
59027456
56934400
56672768
56640064
56635976
56635465
19972608
3228160
19939904
3195456
19935816
3191368
1098312
836680
803976
799888
115337
19935305
3190857
103052
1097801
799377
70266880
98964
53522432
51429376
51167744
51135040
51130952
51130441
26226688
9482240
7389184
7127552
7094848
7090760
17057
7090249
57421824
38383616
21639168
19546112
19284480
19251776
2507328
19247688
2503240
410184
6390025
922115
897216
19247177
2502729
409673
69578752
52834304
50741248
50479616
50446912
50442824
50442313
25538560
8794112
6701056
148160
49859
6402121
56733696
20033536
3289088
1196032
51228672
40666624
23922176
38573568
21829120
5084672
19736064
38311936
21567488
4823040
19474432
2729984
49880
636928
21534784
4790336
19441728
2697280
604224
38275144
21530696
4786248
19437640
2693192
600136
38274633
21530185
4785737
19437129
2692681
599625
19175497
2431049
337993
19142793
2398345
305289
19138705
2394257
301201
19138194
2393746
300690
71861760
55117312
69768704
53024256
50931200
69507072
52762624
115456
50669568
69474368
6296323
52729920
50636864
69470280
52725832
111368
49929
50632776
6292235
69469769
52725321
50632265
50370633
50337929
50333841
50333330
25728512
8984064
6891008
25466880
17176
8722432
6629376
25434176
8689728
6596672
25430088
13088
8685640
6592584
25429577
8685129
6592073
6330441
6297737
6293649
6293138
75761152
59016704
56923648
56662016
56629312
56625224
56624713
19961856
3217408
1124352
19929152
3184704
1091648
19925064
3180616
1087560
19924553
3180105
1087049
825417
792713
788625
788114
70256128
53511680
51418624
51156992
51124288
51120200
51119689
26215936
9471488
7378432
7116800
7084096
7080008
7079497
57411072
38372864
21628416
19535360
19273728
19241024
2496576
403520
19236936
2492488
399432
19236425
2491977
398921
99986
69568000
52823552
50730496
50468864
50436160
50432072
50431561
25527808
8783360
6690304
6428672
6395968
6391880
6391369
56722944
20022784
3278336
1185280
923648
890944
886856
886345
51217920
7177728
38286848
21542400
4797952
19449344
2704896
19187712
2443264
19155008
2410560
19150920
2406472
313416
19150409
2405961
312905
103003
69481984
52737536
50644480
50382848
50350144
50346056
50345545
25441792
8697344
6604288
6342656
6309952
6305864
6305353
56636928
19936768
3192320
1099264
800329
51131904
7091712
19248640
2504192
411136
50344523
50443776
6403584
398872
40665280
23920832
38572224
21827776
5083328
19734720
2990272
38310592
21566144
4821696
19473088
2728640
635584
19211456
2467008
373952
38277888
21533440
4788992
19440384
2695936
602880
19178752
2434304
341248
51118667
38273800
21529352
4784904
19436296
2691848
598792
19174664
2430216
337160
7077964
38273289
21528841
4784393
19435785
2691337
598281
19174153
2429705
336649
21529184
71860416
55115968
69767360
53022912
50929856
69505728
52761280
50668224
50406592
69473024
52728576
50635520
50373888
69468936
52724488
50631432
50369800
69468425
52723977
50630921
50369289
25727168
8982720
6889664
25465536
8721088
6628032
6366400
25432832
8688384
6595328
6333696
25428744
8684296
6591240
6329608
25428233
8683785
6590729
6329097
59015360
56922304
861187
56660672
56627968
56623880
56623369
19960512
3216064
1123008
19924672
19927808
3183360
1090304
828672
19923720
3179272
1086216
824584
19923209
3178761
1085705
824073
861208
70254784
53510336
51417280
51155648
51122944
51118856
51118345
26214592
9470144
7377088
7115456
7082752
7078664
7078153
57409728
38371520
21627072
19534016
19272384
19239680
2495232
402176
2434136
19235592
2491144
398088
136456
19235081
2490633
397577
69566656
52822208
50729152
50467520
50434816
50430728
50430217
8782016
51203
140355
6688960
6427328
6394624
6390536
20021440
50251
3276992
1183936
922304
889600
885512
885001
51216576
7176384
38285504
21541056
4796608
140376
19448000
2703552
51224
19186368
2441920
50272
19153664
2409216
19149576
2405128
312072
38273632
19149065
2404617
311561
69480640
52736192
50643136
50381504
50348800
50344712
50344201
25440448
8696000
6602944
6341312
6308608
6304009
56635584
19935424
3190976
1097920
798985
51130560
107651
7090368
19247296
2502848
409792
21540867
791691
50442432
787603
100427
4785856
795800
19437248
2692800
599744
19175616
2431168
338112
103584
19142912
2398464
305408
19138824
18520
2394376
301320
19138313
2393865
300809
6590561
14432
69469888
98404
52725440
50632384
50370752
50338048
50333960
50333449
25429696
8685248
6592192
6330560
6297856
6293768
6293257
56624832
3180224
1087168
825536
792832
788744
788233
51119808
19236544
2492096
399040
50431680
6391488
886464
19150528
2430048
103563
6300824
8683617
4796419
50345664
6305472
800448
99475
19923531
40665112
23920664
107672
38572056
21827608
5083160
19734552
2990104
38310424
17568
21565976
4821528
19472920
2728472
635416
19211288
2466840
373784
38277720
21533272
4788824
19440216
2695768
602712
19178584
341080
788184
19145880
2401432
308376
25465347
4784736
19436128
2691680
598624
19174496
336992
19734531
19141792
2397344
304288
6300803
38371331
38273121
4784225
19435617
2691169
598113
19173985
2429537
19141281
2396833
303777
50929688
98523
71860248
55115800
69767192
53022744
69505560
52761112
50668056
50406424
69472856
52728408
50635352
50373720
69468768
52724320
50631264
50369632
50336928
69468257
52723809
50630753
50369121
50336417
25727000
8982552
6889496
25465368
8720920
6627864
25432664
8688216
6595160
6333528
25428576
8684128
6591072
6329440
6296736
25428065
6328929
98572
6296225
75759640
59015192
56922136
56660504
56627800
56623712
56623201
19960344
3215896
1122840
19927640
3183192
1090136
19923552
12577
3179104
1086048
824416
19923041
3178593
1085537
823905
791201
70254616
53510168
51417112
51155480
51122776
51118688
51118177
26214424
9469976
7376920
7115288
7082584
7078496
7077985
57409560
38371352
21626904
19533848
19272216
19239512
2495064
402008
19235424
2490976
397920
19234913
2490465
397409
69566488
52822040
50728984
50467352
50434648
50430560
50430049
25526296
8781848
6688792
6427160
6394456
6390368
6389857
56721432
20021272
3276824
1183768
922136
889432
885344
884833
51216408
7176216
38285336
21540888
4796440
19447832
2703384
19186200
2441752
19153496
2409048
19149408
2404960
311904
19148897
2404449
311393
25428555
69480472
52736024
50642968
50381336
50348632
50344544
50344033
25440280
8695832
6602776
6341144
6308440
6304352
6303841
56635416
19935256
3190808
1097752
51130392
7090200
19247128
2502680
409624
300179
2691148
50442264
6402072
38274584
21530136
4785688
19437080
2692632
599576
19175448
2431000
337944
19142744
2398296
305240
19138656
2394208
301152
19138145
2393697
300641
69469720
52725272
50632216
50370584
50337880
50333792
50333281
25429528
8685080
6592024
6330392
6297688
6293600
6293089
56624664
19924504
3180056
1087000
788065
51119640
7079448
19236376
2491928
99937
50431512
6305283
6391320
886296
19150360
2405912
312856
598092
50345496
6305304
800280
19138264
38273240
21528792
4784344
19435736
2691288
598232
19174104
2429656
336600
19141400
2396952
303896
6293019
19137312
2392864
299808
19136801
2392353
299297
69468376
52723928
50630872
50369240
50336536
50332448
50331937
25428184
8683736
6590680
6329048
6296344
6292256
6291745
56623320
19923160
3178712
1085656
824024
791320
51118296
7078104
800259
19235032
2490584
397528
50430168
6389976
884952
19149016
2404568
311512
50344152
788044
6303960
2393816
300760
787995
7090179
115267
111179
112131
50333400
6293208
100056
25526275
40665091
23920643
38572035
21827587
5083139
2990083
38310403
21565955
4821507
19472899
2728451
635395
19211267
2466819
373763
38277699
21533251
99867
4788803
19440195
2695747
602691
19178563
2434115
341059
19145859
2401411
308355
803395
50373699
38273611
21529163
4784715
19436107
598603
799307
99916
19174475
2430027
336971
304267
50336907
19234892
19137683
2393235
38273100
21528652
4784204
19435596
19173964
98915
104515
2429516
336460
19141260
2396812
303756
14411
13900
2490444
19137172
2392724
299668
50467331
6427139
71860227
55115779
69767171
53022723
50929667
69505539
52761091
16987
50668035
50406403
69472835
52728387
50635331
12388
69468747
52724299
50631243
50369611
17036
50332819
69468236
52723788
50630732
788163
50369100
50336396
12948
25726979
8720899
6627843
25432643
8688195
8684107
6591051
6329419
6296715
6292627
8683596
6590540
6328908
6296204
6292116
75759619
59015171
56922115
56660483
56627779
56623691
56623180
19960323
3215875
1122819
19927619
3183171
1090115
3179083
1086027
100035
824395
19923020
3178572
1085516
823884
70254595
53510147
51417091
51155459
51122755
51118156
26214403
9469955
7376899
7115267
7082563
7078475
57409539
21626883
19533827
19272195
19239491
2495043
14019
19235403
2490955
397899
397388
52822019
50434627
50430539
50430028
8781827
6688771
12507
6394435
6390347
6389836
56721411
20021251
3276803
1183747
889411
885323
791299
884812
51216387
7176195
38285315
19447811
787211
2703363
19186179
2441731
19153475
2409027
19149387
2404939
19148876
2404428
69480451
52736003
50642947
50381315
103171
50344012
25440259
8695811
6602755
6341123
99083
6303820
56635395
19935235
3190787
1097731
17155
51130371
19247107
2502659
409603
13067
12556
50442243
6402051
38274563
21530115
4785667
19437059
2692611
599555
19175427
2430979
13851
337923
19142723
2398275
305219
19138635
2394187
301131
19138124
2393676
300620
69469699
52725251
50632195
50370563
50337859
50333771
50333260
25429507
8685059
6592003
6330371
56624643
19924483
3180035
1086979
51119619
7079427
19236355
2491907
398851
50431491
6391299
886275
19150339
2405891
312835
38273219
21528771
4784323
19435715
2691267
598211
19174083
2429635
336579
12899
19141379
2396931
303875
19137291
2392843
299787
19136780
2392332
299276
69468355
52723907
50630851
50369219
50331916
25428163
8683715
6590659
6329027
56623299
19923139
3178691
1085635
824003
51118275
7078083
19235011
2490563
397507
50430147
6389955
884931
19148995
2404547
311491
50344131
6303939
19138243
2393795
300739
50333379
50331748
38273051
21528603
4784155
19435547
2691099
598043
19173915
2429467
336411
19141211
2396763
303707
19137123
2392675
299619
19136612
2392164
299108
69468187
52723739
50630683
50369051
50336347
50332259
25427995
8683547
6590491
6328859
56623131
19922971
3178523
1085467
823835
51118107
7077915
19234843
2490395
50331867
397339
50429979
6389787
786651
884763
19148827
2404379
311323
50343963
6303771
19138075
2393627
300571
19136731
2392283
