4864
38273024
98307
21528576
4784128
19435520
2691072
776
265
598016
19173888
2429440
336384
74752
19141184
1168
657
146
2396736
303680
42048
9344
19137096
1560
2392648
299592
27
37960
5256
19136585
2392137
299081
37449
4745
69468160
52723712
50630656
50369024
50336320
50332232
50331721
25427968
8683520
6590464
6328832
6296128
6292040
6291529
56623104
19922944
3178496
1085440
823808
791104
787016
786505
51118080
7077888
19234816
2490368
397312
135680
102976
12480
98888
98377
4675
50429952
6389760
884736
19148800
2120
1609
1728
587
76
2404352
311296
12291
49664
16960
12872
12361
50343936
6303744
798720
110592
4696
19138048
2393600
300544
38912
6208
50333184
216
608
97
6292992
787968
99840
13824
19136704
2392256
299200
37568
50331840
6291648
786624
98496
1539
19136536
2392088
299032
37400
50331672
6291480
786456
98328
12312
786435
19136515
2392067
195
299011
37379
50331651
6291459
