39936
38914
13315
6291461
38928
50331667
13336
98330
524315
29
71827456
42467328
98344
38797312
38281216
43
38274048
38273152
38273040
38273026
55083008
25722880
22052864
21594112
21536768
21529600
21528704
21528592
21528578
38338560
8978432
5308416
4849664
4785152
4784256
4784144
14400
4784130
6210
52989952
23629824
19959808
19501056
19443712
10312
13385
2122
12363
524364
19436544
78
19435648
6224
19435536
19435522
36245504
6885376
3215360
2756608
2699264
2136
12377
2692096
2691200
92
2691088
2691074
34152448
4792320
65633
1122304
99
663552
606208
598144
598032
598018
52728320
23368192
19698176
19239424
19182080
19174912
19174016
19173904
113
19173890
35983872
6623744
2953728
2494976
2437632
2430464
2429568
2429456
2429442
33890816
4530688
860672
401920
39040
344576
9346
6291587
337408
336512
336400
336386
6280
33629184
5258
4269056
599040
140288
82944
75776
2192
74768
1170
74754
148
52695616
23335488
19665472
12440
19206720
19149376
155
19142208
19141312
19141200
19141186
1184
35951168
162
6591040
2921024
2462272
2404928
2397760
2396864
2396752
2396738
33858112
4497984
827968
369216
311872
304704
303808
303696
303682
33596480
4236352
566336
107584
50240
43072
42176
42064
42050
33563776
4203648
533632
13504
74880
12482
1219
17536
197
10368
9360
2248
12489
52691528
23331400
204
19661384
19202632
19145288
12496
19138120
19137224
211
19137112
19137098
35947080
6586952
8408
2916936
218
2458184
2400840
2393672
2392776
2392664
2392650
225
33854024
4493896
823880
365128
307784
300616
232
299720
299608
299594
33592392
4232264
562248
103496
46152
38984
38088
37976
37962
33559688
4199560
529544
70792
13448
19136713
5272
33555600
4195472
525456
66704
9472
2457673
52691017
23330889
19660873
19202121
19144777
19137609
5384
8457
19136601
267
19136587
35946569
6586441
2916425
1296
2400329
274
2393161
2392265
2392153
2392139
33853513
4493385
281
823369
364617
307273
300105
299209
299097
299083
33591881
4231753
561737
102985
45641
38473
37577
37465
37451
33559177
4199049
529033
70281
12937
311312
6301184
65612
33604096
33555089
4194961
524945
66193
8849
5699
4982272
4207176
49680
33554578
4194450
524434
65682
12608
8338
103022592
323
73662464
69992448
69533696
69476352
69469184
69468288
69468176
86278144
56918016
53248000
52731904
52724736
52723840
52723728
84185088
54824960
51154944
50696192
50638848
50631680
344
50630784
50630672
83923456
54563328
50893312
50434560
50377216
50370048
50369152
50369040
83890752
54530624
50860608
50401856
50344512
50337344
50336448
50336336
83886664
54526536
50856520
50397768
50340424
50333256
50332360
50332248
83886153
54526025
50856009
50397257
50339913
50332745
50331849
50331737
58982400
29622272
25952256
25493504
25436160
25428992
25428096
25427970
42237952
12877824
9207808
8749056
8691712
8684544
393
8683648
8683522
40144896
10784768
7114752
6656000
6591488
6590592
6590466
39883264
10523136
6853120
6394368
6337024
6329856
6328960
6328834
39850560
10490432
6820416
6361664
6304320
6297152
6296256
6296130
39846472
10486344
6816328
6357576
6300232
6293064
6292168
6292042
39845961
10485833
6815817
6357065
6299721
6292553
6291657
6291531
90177536
60817408
57147392
56688640
56631296
56624128
56623232
53477376
24117248
20447232
19988480
19931136
19923968
19922960
19922946
36732928
7372800
3702784
3244032
3186688
3179520
3178512
3178498
34639872
5279744
1609728
1150976
1093632
1086464
1085456
1085442
34378240
5018112
1348096
889344
832000
823824
823810
34345536
4985408
1315392
856640
799296
792128
791120
791106
34341448
4981320
1311304
852552
795208
788040
787032
787018
34340937
4980809
1310793
852041
794697
787529
786521
786507
84672512
55312384
51642368
51183616
51126272
51119104
51118096
40632320
11272192
7602176
7143424
7086080
7078912
7077890
52789248
538112
23429120
99842
525827
19759104
1541
19300352
19243008
19234944
19234832
19234818
36044800
6684672
3014656
2555904
2498560
99856
2490496
2490384
37395
2490370
33951744
4591616
921600
525848
462848
37402
405504
397440
397328
397314
33690112
4329984
659968
201216
143872
135808
135696
135682
33657408
37416
4297280
627264
168512
111168
102992
102978
33653320
4293192
623176
164424
107080
99016
98904
98890
33652809
4292681
622665
163913
106569
14848
98505
13826
9731
17984
98393
16962
12867
786437
4677
98379
83984384
13896
9801
12874
66123
54624256
589
50954240
50495488
16976
50438144
50430080
4691
50429968
39944192
10584064
13840
70232
1625
4698
603
6914048
6455296
1555
6397952
524896
6389888
610
6389762
34439168
9752
5079040
12314
4712
1051
1409024
950272
892928
884752
884738
52703232
624
23343104
19673088
19214336
19149824
19148928
12328
19148816
19148802
35958784
6598656
2928640
2469888
2405376
2404480
2404368
99968
2404354
33865728
1667
4505600
835584
376832
312320
311424
5769
311298
4747
4243968
573952
115200
7232
50688
1681
49792
659
49666
3144
2633
8779
37528
4761
33571392
4211264
541248
82496
17088
5720
33567304
673
8800
8289
537160
78408
176128
33566793
4206665
536649
77897
83898368
54538240
50868224
50409472
50344960
50344064
50343952
39858176
10498048
6828032
6369280
6304768
13952
6303872
6303746
98435
34353152
4993024
1323008
864256
799744
9920
798736
37570
4803
798722
33665024
4304896
634880
13000
1737
110720
715
110608
110594
52692480
23332352
37584
19662336
19146240
19139072
19138176
1688
19138064
19138050
4824
35948032
6587904
2917888
2401792
2394624
2393728
2393616
736
2393602
33854976
4494848
824832
308736
301568
300672
300560
300546
33593344
4233216
563200
47104
33560640
4200512
530496
6336
33556552
4196424
526408
83887616
33556041
2752
4195913
1730
4194499
525897
54527488
50857472
50341376
50334208
13056
50333312
4866
1744
50333200
39847424
10487296
6817280
8968
4873
778
6294016
1240
6293120
6292994
34342400
4880
785
1312256
796160
788992
787984
787970
33654272
792
4294144
624128
108032
33568256
4208128
52691136
23331008
19202240
19144896
19137728
19136832
19136720
19136706
35946688
6586560
2457792
2400448
2393280
2392384
2392272
2392258
5888
33853632
4493504
364736
307392
300224
299328
1800
1289
299216
299202
33592000
4231872
103104
45760
38592
37696
33559296
1856
4199168
70400
12888
33555208
4195080
66312
50855939
33554697
4194569
65801
33554529
83886272
54526144
50397376
50340032
50332864
50331968
2563
50331856
98309
39846080
10485952
6357184
6299840
6292672
6291776
6291650
34341056
4980928
852160
794816
787648
786640
98323
786626
33652928
4292800
164032
2584
106688
1562
65563
98624
98512
98498
33566912
4206784
78016
33556160
1576
4196032
45571
33853464
524875
37507
52690968
19660824
19202072
19144728
19137560
19136664
19136552
19136538
4992
35946520
2916376
2457624
2400280
2393112
2392216
2392104
904
2392090
823320
364568
307224
300056
299160
299048
299034
33591832
1611
1100
561688
102936
45592
38424
33559128
528984
1632
1121
66144
33555040
54525955
524385
83886104
50855960
50397208
50339864
50332696
50331800
50331688
39845912
6815768
6357016
6299672
6292504
6291608
6291482
34340888
1310744
851992
12419
794648
787480
786472
786458
33652760
622616
163864
106520
98456
33566744
536600
77848
33555992
12293
19136643
307203
19136517
33554648
65752
4194380
50331779
786451
10485763
23330819
12307
19660803
19202051
19144707
19137539
19136531
6586371
2916355
2457603
2400259
2393091
2392195
2392083
2392069
4493315
823299
364547
300035
299139
299027
299013
4231683
561667
102915
38403
65731
37381
4198979
528963
70211
4194891
8387
6815747
8268
50397187
851971
50332675
50339843
6356995
6299651
6292483
4980739
1310723
8219
794627
787459
4292611
622595
163843
106499
4206595
536579
77827
4195843
