51200
38915
38936
50331675
104512
42051
100424
38985
2123
786508
6232
2144
98401
100
107648
9347
17544
6281
5259
13456
2193
12434
1171
9368
5280
39104
6291651
9417
5329
12504
1241
219
6400
2312
98569
268
289
40665088
23920640
38572032
21827584
5083136
19734528
2990080
38310400
21565952
4821504
19472896
2728448
635392
19211264
2466816
373760
38277696
21533248
4788800
19440192
2695744
602688
19178560
2434112
341056
79424
19145856
2401408
308352
397896
38273608
21529160
4784712
19436104
2691656
598600
19174472
2430024
336968
75336
19141768
2397320
304264
103049
6341120
19137680
2393232
300176
50728960
836096
38273097
21528649
4784201
19435593
2691145
598089
19173961
2429513
336457
74825
19141257
2396809
303753
42121
19137169
2392721
299665
38033
19136658
2392210
299154
37522
799304
147968
71860224
55115776
69767168
53022720
800256
50929664
69505536
787971
52761088
50668032
50406400
69472832
52728384
50635328
50373696
50340992
69468744
52724296
50631240
50369608
50336904
50332816
69468233
52723785
50630729
50369097
50336393
50332305
99864
50331794
25726976
37403
8982528
6889472
25465344
8720896
6627840
6366208
25432640
8688192
6595136
6333504
112128
6300800
25428552
99843
8684104
6591048
6329416
6296712
6292624
25428041
8683593
6590537
6328905
6296201
6292113
6291602
75759616
59015168
56922112
56660480
56627776
56623688
56623177
19960320
13848
3215872
115264
1122816
12315
102979
861184
19927616
3183168
1090112
111176
99913
828480
787019
1612
795776
19923528
3179080
1086024
824392
791688
787600
19923017
3178569
1085513
823881
103000
791177
787089
4699
786578
70254592
53510144
51417088
98912
1633
51155456
611
51122752
51118664
51118153
26214400
9469952
7376896
7115264
7082560
7078472
7077961
57409536
38371328
21626880
18496
19533824
19272192
16963
19239488
2495040
401984
140352
14408
13897
2409024
98891
98380
19235400
2490952
46720
136264
103560
99472
19234889
2490441
397385
135753
42632
17033
16984
98961
4748
98450
69566464
52822016
38544
12945
1682
50467328
660
12896
12385
50434624
50430536
50430025
25526272
8781824
6688768
6427136
6394432
6390344
6389833
4769
56721408
20021248
3276800
1183744
922112
889408
885320
884809
51216384
7176192
38285312
21540864
4796416
19447808
2703360
19186176
2441728
19153472
19149384
2404936
311880
50248
19148873
2404425
311369
49737
69480448
52736000
50642944
50381312
100032
50348608
50344520
37571
50344009
25440256
8695808
6602752
9928
6308416
6304328
6303817
56635392
19935232
3190784
1097728
5840
803392
4818
798793
51130368
7090176
19247104
2502656
37592
409600
730
110665
50442240
6402048
897024
38274560
21530112
4785664
19437056
2692608
14016
599552
19175424
786627
2430976
337920
19142720
2398272
305216
19138632
2394184
301128
19138121
2393673
300617
69469696
52725248
50632192
50370560
50337856
50333768
50333257
25429504
1752
8685056
6592000
6330368
6297664
103168
6293576
6293065
4867
56624640
19924480
3180032
1086976
99080
1801
825344
779
792640
788552
788041
51119616
7079424
19236352
2491904
398848
137216
50431488
6391296
886272
4888
19150336
2405888
312832
50345472
6305280
38273216
21528768
800
4784320
19435712
2691264
17152
598208
19174080
2429632
336576
74944
19141376
13064
12553
2396928
303872
42240
19137288
2392840
299784
38152
19136777
2392329
299273
37641
69468352
52723904
50630848
50369216
50336512
50332424
50331913
25428160
8683712
13827
6590656
6329024
6296320
6292232
6291721
56623296
19923136
3178688
1085632
824000
791296
787208
786697
51118272
7078080
19235008
2490560
397504
1563
135872
50430144
6389952
884928
19148992
2404544
311488
49856
50344128
6303936
798912
110784
19138240
2393792
300736
50333376
6293184
788160
8683523
38273048
21528600
4784152
19435544
2691096
598040
19173912
2429464
336408
74776
6211
19141208
2396760
303704
42072
2392280
19137120
2392672
12875
12364
299616
37984
786648
19136609
2392161
299105
37473
98520
69468184
52723736
50630680
50369048
50336344
50332256
50331745
25427992
8683544
6590488
6328856
6296152
6292064
6291553
56623128
19922968
3178520
1085464
823832
791128
787040
786529
51118104
7077912
19234840
2490392
397336
135704
50429976
6389784
884760
19148824
2404376
311320
49688
50343960
6303768
798744
110616
19138072
2393624
300568
50333208
6293016
787992
19136728
299224
4784131
74755
19141187
50331864
6291672
311299
38273027
21528579
19435523
2691075
6291483
598019
19173891
2429443
336387
2396739
303683
19137099
2392651
299595
37963
19136588
2392140
299084
37452
69468163
52723715
50630659
50369027
50336323
50332235
50331724
25427971
6590467
6328835
98499
6296131
6292043
6291532
56623107
19922947
3178499
1085443
823811
12483
791107
51118083
1731
7077891
19234819
2490371
397315
135683
50429955
6389763
884739
19148803
2404355
49667
50343939
6303747
798723
98331
110595
19138051
2393603
300547
50333187
6292995
19136707
2392259
299203
50331843
19136539
2392091
299035
786459
